OTU_ID	SRR10153291	SRR10153292	SRR10153293	SRR10153294	SRR10153295	SRR10153302	SRR10153313	SRR10153324	SRR10153325
263c0d6a6c4f60b7d5f63850aad82e17	118.0	253.0	242.0	667.0	479.0	513.0	31.0	28.0	53.0
e8a6ad1c7080b821b75b46d435be67bf	86.0	415.0	189.0	324.0	280.0	233.0	0.0	0.0	0.0
460f2e547df0d20facdba1c88ecf81a6	113.0	45.0	43.0	67.0	101.0	114.0	213.0	318.0	291.0
9c640f5e98c75c3b68300997b595116a	66.0	117.0	125.0	300.0	222.0	249.0	0.0	0.0	0.0
546f291265bb300c40dd8c14e28de6cd	89.0	377.0	103.0	194.0	191.0	204.0	0.0	0.0	0.0
5f824aa9777546cb3106b8e275415380	66.0	102.0	132.0	291.0	199.0	193.0	0.0	0.0	0.0
ac01a956c2cef94483ea77aa695df1d9	61.0	83.0	119.0	275.0	194.0	221.0	0.0	0.0	0.0
a59ead8afaae1994fc67afeb6217f764	356.0	97.0	97.0	234.0	75.0	70.0	6.0	6.0	40.0
3e9d72f1228c5d738a0f58e62065be4d	87.0	249.0	77.0	190.0	153.0	196.0	0.0	0.0	0.0
0c0b106470586803d10697b6b25bd388	33.0	24.0	33.0	22.0	43.0	47.0	162.0	235.0	296.0
48023fee36e29abca5fef9a5989604e2	0.0	36.0	103.0	228.0	134.0	207.0	0.0	0.0	0.0
e976c8e81788ec9cd772f4e216511b71	45.0	91.0	78.0	200.0	148.0	154.0	0.0	0.0	0.0
75ef325757e406630a0fc2e8e3349b49	49.0	28.0	52.0	227.0	155.0	84.0	0.0	20.0	0.0
2d08aabf33f913d0617898bb743fee7f	61.0	63.0	15.0	43.0	66.0	34.0	82.0	136.0	209.0
abc388c50da0b806aafd4b58c9a283a7	54.0	30.0	23.0	38.0	46.0	49.0	110.0	151.0	120.0
2e59cc017ea09df8cebfb129ee99715f	71.0	66.0	23.0	27.0	52.0	41.0	50.0	93.0	216.0
447e5d50ac219f5b72731e8c56b3e0d9	238.0	51.0	114.0	28.0	28.0	24.0	62.0	31.0	69.0
68c5604c8a4823a4df5500bec8ae69a8	44.0	15.0	35.0	32.0	44.0	46.0	83.0	133.0	135.0
b8c1382d4cb9e888ca2885cd839aef95	281.0	170.0	48.0	65.0	44.0	41.0	0.0	0.0	0.0
22e432b869ad73bb55a0426e309c3df6	51.0	14.0	9.0	32.0	39.0	52.0	71.0	141.0	95.0
ae2d78c174324fcdc4e3f013a1ed8ed0	61.0	35.0	15.0	18.0	41.0	53.0	60.0	88.0	201.0
21a8ac4d9522dfcfc346153e98422b99	30.0	31.0	11.0	6.0	24.0	17.0	42.0	76.0	225.0
edc85d7ff9b6e57ded0a8d4390b1b898	46.0	30.0	41.0	49.0	55.0	58.0	54.0	73.0	0.0
0165013a3f693ae96722fb0cf1ce3eee	30.0	20.0	12.0	25.0	32.0	26.0	54.0	103.0	96.0
27e5989b46f8c7cc5b9d564347fa0148	93.0	81.0	51.0	43.0	47.0	58.0	0.0	0.0	26.0
1a2bb16ba73ff00519c66953e3f49f78	36.0	0.0	63.0	23.0	23.0	36.0	84.0	47.0	38.0
9e5da352a32fa947413340f3788abe11	39.0	0.0	0.0	0.0	112.0	85.0	45.0	51.0	0.0
db1d85151b26ad4141f7c980e7e7e959	85.0	43.0	32.0	28.0	23.0	29.0	32.0	54.0	67.0
867b31230a4b33b795a03fd18d0bbe9a	34.0	0.0	73.0	112.0	27.0	44.0	0.0	0.0	0.0
650b4bb374fdd317be5cb7f017f5ceb5	106.0	58.0	65.0	81.0	28.0	23.0	0.0	0.0	0.0
b22ffe11c9e47c6879ed775e7add603e	20.0	97.0	43.0	41.0	45.0	101.0	0.0	0.0	0.0
63b3acd8d620db32e57c488d5619b2f7	30.0	21.0	26.0	87.0	92.0	30.0	0.0	0.0	0.0
79bed7b9e4c9eb1f5651629c5ca8ff01	0.0	0.0	34.0	19.0	19.0	86.0	75.0	63.0	0.0
5f9dcd381f1a2e5b91775d2eef7c1d90	41.0	0.0	32.0	41.0	23.0	0.0	48.0	45.0	71.0
723200f1389b0da79b24c99648214609	36.0	14.0	29.0	52.0	19.0	26.0	48.0	34.0	37.0
90c14e396e51967d0659a409239975f6	69.0	0.0	51.0	33.0	53.0	55.0	0.0	0.0	0.0
f3eb9d894528f23510688fbee9b08b40	51.0	0.0	84.0	32.0	43.0	47.0	0.0	0.0	0.0
a16d6b64cf12f95334c9a590d40ed283	87.0	31.0	38.0	34.0	58.0	40.0	0.0	0.0	0.0
273d938f5548875982d6379205f93147	0.0	0.0	0.0	51.0	0.0	0.0	65.0	82.0	56.0
2b41c55f35e30073d4c94348cd432b14	0.0	0.0	0.0	16.0	35.0	0.0	107.0	67.0	26.0
fdc25c961e9302bdc2f4c1a0c33201ff	0.0	0.0	0.0	0.0	18.0	20.0	68.0	99.0	67.0
03d32b50001b998fac4535b25c1929b5	49.0	0.0	115.0	21.0	28.0	25.0	0.0	12.0	0.0
3b16f33f243b8f21622f173fe21a180c	121.0	56.0	35.0	29.0	26.0	18.0	0.0	0.0	0.0
baacaf0fe599e49b918ad5b4cdc1c902	0.0	0.0	0.0	0.0	0.0	5.0	113.0	99.0	31.0
36f9b9080fcec4ed5c73186e306391dd	57.0	0.0	91.0	19.0	36.0	33.0	18.0	0.0	0.0
20bd50e2b4bce607c1d61d56e100dc2d	0.0	0.0	52.0	0.0	22.0	9.0	54.0	51.0	69.0
0be2e4e67cd36b4a9364eafa1dc07b36	32.0	62.0	17.0	25.0	58.0	65.0	0.0	3.0	0.0
3e3fe57c42c2c6ce69c1a67401d65227	0.0	0.0	0.0	20.0	0.0	38.0	70.0	62.0	50.0
3a0f76dc13ea1b4e6ca2b66434aafafa	42.0	53.0	25.0	18.0	20.0	15.0	35.0	20.0	35.0
90d3d8a706cfd6da54f7a0cb9ad498a6	95.0	0.0	28.0	15.0	54.0	28.0	0.0	0.0	0.0
bd08956c378f8e5181379189c1f613b5	103.0	31.0	36.0	49.0	15.0	21.0	0.0	0.0	0.0
450f3946b897bffde2fcae5a36ed37e6	32.0	59.0	15.0	48.0	35.0	0.0	45.0	0.0	0.0
0f14fe013e4b59b6ecbc396b014fa07d	0.0	0.0	54.0	51.0	63.0	39.0	0.0	0.0	0.0
7a77838a430415f7bf8f43f9259ae521	100.0	0.0	21.0	22.0	55.0	43.0	0.0	0.0	0.0
92236ede0bc1f445d45af8182d7996de	0.0	0.0	0.0	0.0	0.0	0.0	105.0	78.0	92.0
4fa0f934a331667d4b70d47f6d3bfa73	36.0	20.0	35.0	16.0	21.0	18.0	24.0	55.0	0.0
493bbd34c44a85d03eaafb4378b6d8cf	69.0	0.0	0.0	48.0	49.0	40.0	0.0	0.0	0.0
9a473b60109cf4e3fd9417d2ce4c0fdd	92.0	26.0	26.0	37.0	18.0	34.0	0.0	3.0	0.0
5abf16986f4af09f0172bac78f155ddc	31.0	0.0	28.0	25.0	9.0	22.0	50.0	40.0	14.0
76eb7b6aaa862c04035cfd5495e821f5	34.0	0.0	15.0	49.0	48.0	27.0	0.0	0.0	0.0
c0b9f7f2596a27bd3eda174b31094adb	0.0	0.0	0.0	0.0	0.0	0.0	90.0	63.0	67.0
001268c9c95541e57a3ebc885820a904	26.0	29.0	64.0	46.0	32.0	20.0	0.0	0.0	0.0
3ccc6336379cf6a08e5006112ecad90e	48.0	11.0	50.0	47.0	20.0	23.0	0.0	0.0	0.0
cb4d20626e51f5c899575d89b8aa3d19	0.0	0.0	35.0	43.0	29.0	49.0	0.0	0.0	0.0
9646ddbbf4e640700f7bf20ff9a61a07	33.0	14.0	36.0	47.0	18.0	24.0	32.0	0.0	0.0
a6a5482076fdd78f13b82a4586cbd660	71.0	41.0	16.0	16.0	28.0	17.0	19.0	0.0	16.0
00733626ca1b96668ed09a714063d162	0.0	0.0	20.0	53.0	50.0	25.0	0.0	0.0	0.0
feccf5e0e456d880ec17546b15efbb89	24.0	0.0	55.0	42.0	11.0	28.0	0.0	0.0	24.0
9f6e24cc25b82b23e38d55774784d1bf	12.0	0.0	23.0	30.0	54.0	34.0	0.0	0.0	0.0
e09889d2f9c6dddbbc03558949c746eb	33.0	45.0	0.0	26.0	51.0	22.0	0.0	0.0	0.0
0ff9aceb103964df71f0114eda5ebab6	0.0	10.0	17.0	24.0	0.0	0.0	34.0	68.0	55.0
377ba3e8d914d50c12742209e316cc12	49.0	0.0	48.0	15.0	47.0	20.0	0.0	0.0	0.0
d590f73e94d8046c96b1f72ddcc77db9	0.0	0.0	0.0	0.0	0.0	0.0	84.0	60.0	54.0
85a2c53ebc176676b82362e2f15670c4	16.0	0.0	5.0	0.0	0.0	0.0	82.0	73.0	22.0
aeeaaee9e29a8720d2ef8edf39c70bf3	0.0	0.0	22.0	0.0	30.0	0.0	28.0	33.0	74.0
1efa63299ff48e04bf774aee2db97f67	0.0	0.0	0.0	24.0	51.0	75.0	0.0	0.0	0.0
ce1abd57ab90e4acd5f579a2ec5ebe25	0.0	0.0	0.0	0.0	0.0	0.0	42.0	79.0	75.0
91d897dd83615e24b2529f2674e83424	0.0	0.0	0.0	0.0	0.0	0.0	51.0	79.0	57.0
2a400b2c12c04200d553de806c5d2124	78.0	0.0	40.0	0.0	39.0	27.0	0.0	0.0	0.0
1c76c00de7511b180f05ad767d6c0ebf	59.0	0.0	22.0	20.0	13.0	58.0	0.0	0.0	0.0
9b5027e5b683bb575db771f50f46a48b	29.0	0.0	16.0	34.0	28.0	28.0	0.0	0.0	0.0
f2172a21f13d3305558d5fc869560716	0.0	0.0	0.0	6.0	20.0	0.0	74.0	49.0	23.0
84dfd3f842953cd07ab739c384eb1422	41.0	52.0	31.0	18.0	26.0	21.0	0.0	0.0	0.0
b03835f48f92e1e9193204bc3ed33763	0.0	0.0	0.0	0.0	0.0	0.0	48.0	60.0	60.0
dd59fbfbe2817df556864b87c490af55	0.0	0.0	29.0	32.0	39.0	36.0	0.0	0.0	0.0
873e4b2d57338eca0844078132c8b416	0.0	0.0	0.0	0.0	17.0	0.0	23.0	58.0	78.0
9842bf16e179277ed66a245d5a64abd6	0.0	0.0	0.0	0.0	0.0	0.0	50.0	71.0	61.0
96dedb4ede480c6c5ef025a61c34d258	57.0	0.0	18.0	18.0	37.0	0.0	0.0	0.0	42.0
c3ddbbf252c7dbacfda709b6e9b572f7	13.0	0.0	15.0	0.0	26.0	17.0	54.0	27.0	0.0
3c540c3fe423eaf9cb8aa70ec7b6be40	11.0	0.0	27.0	31.0	32.0	40.0	0.0	0.0	0.0
81282df6d7b3baaf5fbfc046753e14a5	0.0	0.0	0.0	0.0	26.0	29.0	39.0	34.0	27.0
b88a33f8cd235cae19acbd987c7bf18a	0.0	0.0	11.0	0.0	0.0	5.0	70.0	39.0	20.0
3025b6eae63a14385e72d58524441378	0.0	0.0	0.0	0.0	0.0	12.0	39.0	47.0	49.0
b443620029d4cb620231e4815cf9aaf0	50.0	87.0	0.0	0.0	0.0	0.0	14.0	19.0	38.0
d1718ac32d6eb7f5473959d9b2f2caf0	32.0	90.0	0.0	0.0	0.0	12.0	0.0	25.0	38.0
7b7aca8b95d49788a4eeac50b9f902e2	24.0	56.0	25.0	11.0	12.0	12.0	21.0	0.0	21.0
1e32479ffe22e2290b3c6d38e0d2fcde	0.0	0.0	0.0	13.0	34.0	58.0	0.0	0.0	0.0
2d9a0a978efae5d7520af6505c4368c1	35.0	0.0	22.0	21.0	24.0	35.0	0.0	0.0	0.0
59c50aeb640436f9e63a25543028ffdb	0.0	0.0	0.0	0.0	0.0	0.0	66.0	40.0	43.0
2c1e49ef57cf360c208b3430c5aa3d1d	0.0	0.0	17.0	0.0	39.0	62.0	0.0	0.0	0.0
ab71cc4dc777433aef75277570d47c5f	0.0	0.0	28.0	17.0	0.0	0.0	22.0	37.0	34.0
a19c9fd0cc5b28e8d24006bd8944a473	0.0	0.0	0.0	0.0	0.0	0.0	69.0	50.0	36.0
32599671fb1976ae63caca6f99fe1147	31.0	0.0	41.0	4.0	0.0	0.0	71.0	0.0	0.0
5a0cdf8941f6aa82d33ae91b5b05192c	0.0	0.0	27.0	41.0	0.0	55.0	0.0	0.0	0.0
fc134bde496fe402861efb8e099db5ca	51.0	18.0	26.0	18.0	18.0	20.0	0.0	0.0	0.0
4cd9338aaf2ac8007ac03c4df051465f	0.0	0.0	0.0	0.0	35.0	0.0	56.0	0.0	37.0
e3e40adfffa782afc2ac2aa037d4dad4	0.0	0.0	0.0	26.0	41.0	64.0	0.0	0.0	0.0
4f18fc4071de560580e2ebf2b3f066f1	0.0	0.0	0.0	0.0	0.0	0.0	66.0	76.0	0.0
8c1a083408a998d05182d2cd69093aae	0.0	0.0	0.0	13.0	56.0	32.0	0.0	0.0	0.0
a8aed78e6074b2e379bd6c29871fdb4a	0.0	0.0	0.0	0.0	0.0	0.0	90.0	40.0	0.0
a939cf6e33fa8f58f728fbd3efebbbf6	49.0	63.0	41.0	0.0	0.0	15.0	0.0	0.0	0.0
c3e1c7a296324cd5f790a2f5212a8d3a	0.0	0.0	0.0	14.0	0.0	0.0	63.0	42.0	0.0
6b9caf6e47f7dee4a89c448df57c734e	20.0	0.0	26.0	24.0	27.0	22.0	0.0	0.0	10.0
cddb4a9b3ad6dd2a82e0c96636ee6770	0.0	0.0	0.0	0.0	2.0	0.0	78.0	29.0	43.0
48273af37d3bc0f53707ffda4d91b6e2	77.0	0.0	0.0	20.0	23.0	6.0	0.0	0.0	0.0
41f45e6394f5554cb1cf33365890ea38	0.0	0.0	0.0	9.0	23.0	0.0	24.0	54.0	0.0
bd040b2da256f850e394410bc24a0b92	0.0	0.0	0.0	0.0	0.0	0.0	83.0	46.0	0.0
397fb325dd4d37dc25180ee7b210e438	0.0	0.0	0.0	0.0	0.0	0.0	53.0	50.0	33.0
d0290c33c4a03eed5bc42dc5587667ec	0.0	0.0	0.0	0.0	2.0	4.0	43.0	37.0	28.0
511397aee5f38e5f11e5305799070575	0.0	60.0	22.0	14.0	29.0	17.0	0.0	0.0	6.0
ab98ba743af77bc8ac655c4ef3d664ec	0.0	0.0	0.0	0.0	0.0	0.0	82.0	28.0	0.0
923fb365b18ab6f3daf66a222027b002	15.0	0.0	0.0	13.0	12.0	14.0	20.0	18.0	21.0
ae0ad782335bc931f00872370210100a	29.0	24.0	23.0	14.0	16.0	18.0	0.0	0.0	0.0
e7a4837eb2c9cb7a4a75678e6b4cd334	0.0	0.0	0.0	0.0	0.0	0.0	40.0	60.0	16.0
c82b0ae9a05b4c99c7b97b9b6639aa39	0.0	0.0	0.0	0.0	0.0	0.0	0.0	48.0	91.0
88c035300f7ae7e0d5621756308bd7c8	0.0	0.0	25.0	8.0	25.0	6.0	41.0	0.0	0.0
dc422d5c5f6ba484f572348c28cd0cea	0.0	0.0	0.0	0.0	0.0	0.0	29.0	25.0	79.0
8db7538ad393d8f8c7494e89e459c8dd	0.0	0.0	0.0	0.0	35.0	54.0	0.0	0.0	0.0
4dfc5852cc8e0e8e7176d1393b19a728	0.0	0.0	0.0	0.0	0.0	0.0	27.0	30.0	75.0
0eb7694387df076c1ffe313aec8dfb8d	22.0	0.0	46.0	19.0	0.0	10.0	0.0	0.0	0.0
3a49b90abf1ced7c312e8e7787fa9912	0.0	0.0	0.0	0.0	0.0	0.0	66.0	39.0	0.0
e7105622554f694ee0d4ce35ea916079	0.0	0.0	0.0	0.0	0.0	0.0	26.0	36.0	45.0
925d5884b594338bb6942dc05ca277be	0.0	0.0	0.0	0.0	0.0	0.0	47.0	44.0	0.0
4333ab46724880381a67671ea825a9aa	0.0	0.0	0.0	0.0	0.0	0.0	68.0	17.0	20.0
78386905f7f096beda5475c60e01fe59	41.0	0.0	75.0	0.0	0.0	0.0	0.0	0.0	0.0
0993afdc467acf7e498ef444e4f0fee8	15.0	6.0	16.0	22.0	17.0	22.0	0.0	0.0	0.0
0c38dc67c25adf83bd3c37eb7a5da6f9	0.0	0.0	0.0	0.0	0.0	0.0	37.0	56.0	0.0
a0298b9dc754b7ecc074b088560de5ce	15.0	15.0	25.0	16.0	20.0	20.0	0.0	0.0	0.0
74665c0a05ea2942f29bc39a7771709b	0.0	0.0	0.0	0.0	31.0	57.0	0.0	0.0	0.0
871ae7fd801b87d40d4d079ce0ef8aca	0.0	0.0	27.0	20.0	20.0	20.0	0.0	0.0	0.0
b0859f64a7f6ab69871273cff6bfca63	41.0	36.0	19.0	4.0	9.0	4.0	0.0	0.0	0.0
387cb4c3039c7132713a563da1fe7663	0.0	0.0	0.0	33.0	16.0	20.0	0.0	0.0	0.0
7b05e3ff479bda3c5a2698328f3fe8da	0.0	83.0	0.0	7.0	22.0	11.0	0.0	0.0	0.0
4a051e77e56e51b90bb21075c3ea91cf	15.0	0.0	41.0	27.0	0.0	0.0	0.0	0.0	0.0
a2b2c40dc5abe290f732952cc6a7a570	50.0	0.0	31.0	19.0	0.0	0.0	0.0	0.0	0.0
9b67e881aa7d4813213e4120012b37b5	44.0	0.0	51.0	0.0	8.0	0.0	0.0	0.0	0.0
e139e08138ed66c22313cc879c46b543	0.0	0.0	0.0	0.0	0.0	0.0	69.0	19.0	19.0
bc37c7877f7799c3933c6a5268e836f8	12.0	0.0	0.0	51.0	0.0	5.0	0.0	0.0	0.0
271c918f0c38109ba9a9fde16eecbe0d	0.0	0.0	0.0	52.0	0.0	0.0	28.0	7.0	0.0
a8408b35f13464965beea1558252f38c	0.0	0.0	0.0	0.0	0.0	0.0	39.0	28.0	25.0
ed52c617009b9644e408e768064827eb	19.0	29.0	9.0	8.0	7.0	0.0	6.0	12.0	9.0
e375465727a26fc34fdf73c7e3fac5fd	0.0	0.0	0.0	0.0	8.0	0.0	64.0	1.0	0.0
43fa912b392233170637866cd53c44e0	0.0	0.0	0.0	0.0	0.0	0.0	75.0	0.0	0.0
a1ddcf4329f265217a1167d5af0d9ebb	0.0	0.0	0.0	0.0	0.0	58.0	0.0	30.0	0.0
e67898a48fd8cd17f4391f67d04416ad	30.0	44.0	0.0	0.0	0.0	0.0	0.0	0.0	53.0
577f780bfbac000598b853b9257aa4f6	0.0	0.0	0.0	0.0	0.0	0.0	92.0	0.0	0.0
e73d483182620f456406182c66f00ff5	0.0	0.0	0.0	0.0	0.0	0.0	29.0	29.0	34.0
71bb677676e35c8b573676f62d4cbca3	0.0	0.0	0.0	0.0	0.0	0.0	25.0	26.0	29.0
5a29075280dd33acc3c31de66e126a73	0.0	0.0	70.0	0.0	7.0	0.0	0.0	0.0	0.0
4426cc7ac9236e8d7605309b20b3dfbf	0.0	0.0	0.0	0.0	0.0	0.0	68.0	8.0	0.0
77dca9973603bef784621a49b001a0ef	0.0	0.0	35.0	0.0	25.0	20.0	0.0	0.0	0.0
8feaefa5b58ea4ecff7277aa6178c91e	0.0	0.0	0.0	20.0	24.0	25.0	0.0	0.0	0.0
f7af7f76f4df34b3fa2fefb16918b33d	0.0	0.0	0.0	0.0	0.0	0.0	25.0	55.0	0.0
c11fd5849fcf9939d27f02407aa9b138	61.0	0.0	0.0	22.0	3.0	0.0	0.0	0.0	0.0
50fe0a6a66c8a5f4ac6df0263a5d9e88	0.0	0.0	0.0	0.0	0.0	0.0	65.0	19.0	0.0
456846e0fb41c3102b0774463a9a9df3	0.0	0.0	0.0	0.0	0.0	0.0	0.0	78.0	0.0
bff281c4ea7d9599638a175752240851	0.0	0.0	7.0	0.0	0.0	0.0	26.0	22.0	38.0
fd9d1b0105331f4f6f8ef066514ed5d3	0.0	0.0	0.0	0.0	0.0	0.0	45.0	0.0	55.0
d47e0010de2672a756af7565f9196df0	0.0	0.0	0.0	0.0	0.0	0.0	27.0	34.0	29.0
2a910150af1f95004692a79921608de4	0.0	0.0	78.0	0.0	0.0	0.0	0.0	0.0	0.0
fd8032c0f03e4e908a911aa5eb55d38a	24.0	0.0	58.0	0.0	0.0	0.0	0.0	0.0	0.0
1bed10d95ea05b739673d49c239bbd56	23.0	0.0	17.0	17.0	7.0	15.0	0.0	0.0	0.0
c39948a344c55ca3a5b29d4cba0072be	0.0	0.0	7.0	5.0	25.0	18.0	0.0	0.0	0.0
065d4c763dabd00bd5715087b054a0fe	0.0	0.0	0.0	0.0	64.0	0.0	0.0	0.0	0.0
2eb736c7400b21d824cebc353e476fd4	0.0	0.0	0.0	0.0	24.0	45.0	0.0	0.0	0.0
60a20cdfa34a242c87aa18419a265645	32.0	0.0	0.0	45.0	0.0	0.0	0.0	0.0	0.0
f925b9e81af97401c6904ee81c4778da	0.0	0.0	75.0	0.0	0.0	0.0	0.0	0.0	0.0
8bee071333f85fa9802ace12e71d3822	0.0	0.0	0.0	0.0	0.0	0.0	42.0	33.0	0.0
f00b24003989e97207660c74f1ea2fab	0.0	0.0	0.0	0.0	0.0	0.0	28.0	38.0	0.0
c3dc5429a079809410c5798685172171	0.0	0.0	0.0	0.0	0.0	0.0	28.0	44.0	0.0
106b8d92638a8afe6a20959285b2302a	44.0	0.0	0.0	6.0	0.0	29.0	0.0	0.0	0.0
70d5f268725d9c00eb67075466c13a1e	0.0	0.0	0.0	0.0	29.0	34.0	0.0	0.0	0.0
11496d1bea08c6b988038e63e67cbb2f	0.0	0.0	39.0	10.0	10.0	0.0	0.0	0.0	0.0
4d64d9f6511598e1e2e9ec1f3ca92f99	0.0	0.0	0.0	28.0	19.0	16.0	0.0	0.0	0.0
816cbe5b34417dc160b5279f333853a6	53.0	0.0	0.0	26.0	0.0	0.0	0.0	0.0	0.0
64fb568653704fa7dc0daf5074c19ee7	36.0	0.0	0.0	0.0	0.0	39.0	0.0	0.0	0.0
027429ee7ed407a8d663f503878ec4b1	33.0	6.0	7.0	14.0	16.0	9.0	0.0	0.0	0.0
04fa7e7a3aca0487d9ad96c6e06e59fc	0.0	51.0	0.0	5.0	0.0	7.0	0.0	0.0	31.0
6abba8a01f3a22166dbe7ad896cc5efd	0.0	0.0	0.0	0.0	26.0	46.0	0.0	0.0	0.0
5fe4a43a1ab6bd409ed7c6741408e2b3	0.0	0.0	19.0	39.0	0.0	0.0	0.0	0.0	0.0
a670409a4fb51cfa756918c29c0c626a	39.0	0.0	39.0	0.0	0.0	0.0	0.0	0.0	0.0
3db003b60dc9e7d9e25f936f465fbd92	0.0	0.0	0.0	24.0	0.0	34.0	0.0	0.0	0.0
8d1634f23842a73a82139f73e02cc0dd	0.0	0.0	33.0	0.0	0.0	32.0	0.0	0.0	0.0
6ed2514bf0a4d2fa1d620f306f7a64c2	0.0	0.0	72.0	0.0	0.0	0.0	0.0	0.0	0.0
d7a90102dc972b4a9193871975ca8142	0.0	0.0	6.0	18.0	19.0	14.0	0.0	0.0	0.0
ba45c883a30b9081deabf6bd6d4c565c	0.0	0.0	0.0	0.0	0.0	0.0	36.0	34.0	0.0
c5958e543bb396bf6699e41212279fd0	0.0	0.0	42.0	12.0	0.0	0.0	0.0	0.0	0.0
458502aa44175924afd417e632853cef	0.0	0.0	0.0	0.0	0.0	63.0	0.0	0.0	0.0
b3927294b8ec0753fef008017d1bc53f	0.0	0.0	0.0	0.0	0.0	0.0	13.0	41.0	21.0
abb569f59553bd29914ea72b182e169b	0.0	0.0	0.0	0.0	0.0	0.0	66.0	0.0	0.0
5f76a24d618542961338a8ffa885e9b5	0.0	0.0	0.0	0.0	0.0	0.0	51.0	15.0	0.0
a0d17e8376e911da7a000542f66bcace	0.0	0.0	0.0	0.0	0.0	0.0	0.0	62.0	0.0
4b7d77caee382640e2f4f3cff6701ec9	0.0	0.0	0.0	0.0	0.0	0.0	0.0	0.0	87.0
e7304b9fa263809b434b5527a5e0a28a	0.0	62.0	0.0	0.0	26.0	0.0	0.0	0.0	0.0
4290aa4c3f14bb71909abb7218d94c65	0.0	0.0	0.0	0.0	51.0	0.0	0.0	0.0	0.0
6e7576fedcd00f657737d24a59b5a6f1	0.0	0.0	0.0	0.0	0.0	0.0	16.0	27.0	27.0
08abf05a188351b9428b96667ac6c938	0.0	0.0	0.0	0.0	58.0	0.0	0.0	0.0	0.0
cf06ddd7548d4d7e3f0ba7d2acf25b9a	0.0	0.0	0.0	0.0	0.0	0.0	0.0	0.0	91.0
0bc91181e21b19af4922fb58877b869b	0.0	0.0	75.0	0.0	0.0	0.0	0.0	0.0	0.0
f51cffe7b612d3fcf8a9b3adbaa54ad3	0.0	0.0	0.0	0.0	16.0	41.0	0.0	0.0	0.0
c3c1882cc30b7f715ed686feb37dbb8c	0.0	0.0	0.0	9.0	28.0	10.0	0.0	0.0	0.0
ebf7b6d2e5329da80b085d9c7602af8f	54.0	36.0	0.0	0.0	0.0	0.0	0.0	0.0	0.0
6d795facd5dd7d28617e54ac1f1a4b33	0.0	0.0	0.0	0.0	0.0	0.0	65.0	0.0	0.0
e1e9abaabed48a96b5beb32b20a91ba8	0.0	0.0	0.0	0.0	35.0	17.0	0.0	0.0	0.0
0577893fe076129fca18fd63b6c75138	0.0	0.0	17.0	8.0	0.0	40.0	0.0	0.0	0.0
e11d823a2282b4b37b5ee475e8bedf38	0.0	101.0	0.0	0.0	0.0	0.0	0.0	0.0	0.0
bf8c24ff492386f4abdfb19bc4e6313d	0.0	0.0	21.0	0.0	0.0	0.0	0.0	36.0	0.0
f89c5f9cdb636cf86d7ad98807df5911	0.0	0.0	0.0	0.0	0.0	0.0	0.0	64.0	0.0
73a2d394d4be09d1013311fb91ed6077	0.0	0.0	0.0	0.0	0.0	0.0	58.0	0.0	0.0
564c3c344896848d6df019a6325cd7b4	0.0	0.0	0.0	0.0	0.0	0.0	55.0	0.0	0.0
7ff4592d1893e1653b2e6a50b55fafb9	0.0	0.0	0.0	0.0	0.0	0.0	0.0	47.0	0.0
4a34e5e7c3a09c6c31d075726afb2e3a	0.0	0.0	0.0	9.0	0.0	0.0	18.0	25.0	0.0
bc3b1617278c7aefe7c226b39be2a130	0.0	0.0	57.0	0.0	0.0	0.0	0.0	0.0	0.0
fc8f3f0f708a1f9d865e1f39b6c018c6	41.0	0.0	0.0	19.0	0.0	0.0	0.0	0.0	0.0
262a1e745f78ba14a2d2b6681495db8f	0.0	0.0	0.0	0.0	0.0	0.0	8.0	16.0	32.0
a03b859ce1e6f20027af9c4e84300fe7	0.0	0.0	0.0	28.0	0.0	28.0	0.0	0.0	0.0
e9f424a12c2397525047bf2cbffe8e0c	0.0	0.0	0.0	16.0	23.0	0.0	0.0	0.0	0.0
474284aa1c059abcfb4256edd9220141	0.0	0.0	0.0	0.0	0.0	0.0	35.0	19.0	0.0
e220d62545ca253eb2ea5dbf803f8eb0	0.0	0.0	0.0	0.0	0.0	0.0	60.0	0.0	0.0
f075a8f8978691b8a90e75e88d89a188	0.0	0.0	0.0	0.0	0.0	0.0	53.0	0.0	0.0
4f85857c2d8d8332acc0b6b937c09faf	0.0	0.0	54.0	0.0	0.0	0.0	0.0	0.0	0.0
72a11f38ae5f86f73a4ac1866ab5d917	0.0	0.0	0.0	0.0	29.0	14.0	0.0	0.0	0.0
ed6deac1abddc6b1ca677b760b70c9b7	30.0	0.0	0.0	0.0	0.0	27.0	0.0	0.0	0.0
62321584baf721390b6ad616d0b9baf6	0.0	0.0	0.0	10.0	0.0	0.0	19.0	11.0	11.0
cbfe94478c3d49528f72cbcf850f85b1	0.0	0.0	0.0	0.0	31.0	0.0	0.0	16.0	0.0
6db3d4578d97d84cd16982d9400845ec	0.0	0.0	0.0	0.0	0.0	0.0	55.0	0.0	0.0
75e08815b9342f47da63a6d559dade7a	40.0	0.0	0.0	0.0	17.0	0.0	0.0	0.0	0.0
8ff01831f30faf7ea09242730ab1795a	70.0	0.0	0.0	0.0	0.0	0.0	0.0	0.0	0.0
ef2b95bbe931d46a3d16f98a7de5413f	19.0	19.0	7.0	9.0	5.0	0.0	0.0	0.0	0.0
3ea84a7b057665685231a604db30cf8a	0.0	0.0	48.0	0.0	0.0	0.0	0.0	0.0	0.0
2c419cafb7b6de88c3375d33735ef422	0.0	0.0	8.0	21.0	0.0	10.0	0.0	0.0	0.0
b1e8195c9f8fa4685e052abf2a671dd7	0.0	0.0	0.0	34.0	0.0	0.0	0.0	0.0	0.0
49f0db081185a24bcc94024a60ed3167	0.0	0.0	0.0	0.0	0.0	0.0	49.0	0.0	0.0
ceb4764a2d604f633fa56e2d68aa1950	0.0	0.0	0.0	0.0	0.0	0.0	30.0	17.0	0.0
5c627534c9f7cbbd97de0e6e8b8483a6	0.0	0.0	0.0	0.0	0.0	0.0	0.0	0.0	66.0
ec3d3117f023714c23c18bc5026b0bed	28.0	0.0	0.0	0.0	23.0	0.0	0.0	0.0	0.0
368f2cf46651b3ca1681f0e1c7dcecf8	0.0	0.0	28.0	0.0	0.0	0.0	0.0	18.0	0.0
d3568bbcab23729fc4e35f47be826eb0	0.0	0.0	27.0	0.0	23.0	0.0	0.0	0.0	0.0
66ba8317d5f1ab79f810d46fccbd4da3	0.0	0.0	0.0	16.0	24.0	0.0	0.0	0.0	0.0
c3ca493f635cf70927f4f9ecdaddfdf9	0.0	0.0	0.0	0.0	0.0	0.0	0.0	44.0	0.0
58c562fb1447b05ad0898beb271c99cf	0.0	0.0	0.0	0.0	0.0	0.0	0.0	48.0	0.0
c47946828e4aa82cc526bef32b9cc643	39.0	0.0	20.0	0.0	0.0	0.0	0.0	0.0	0.0
27fcbb92190ed2c28771c6fc20093b79	0.0	0.0	0.0	0.0	0.0	0.0	55.0	0.0	0.0
587d525f16cebb7268327decff5f8417	0.0	85.0	0.0	0.0	0.0	0.0	0.0	0.0	0.0
8376720aa7a2a202bb7becf71e75d71b	0.0	83.0	0.0	0.0	0.0	0.0	0.0	0.0	0.0
da35a80c46388073d7474bff64a309f5	0.0	0.0	0.0	5.0	33.0	0.0	0.0	0.0	0.0
5a5c7e63a8e6c7217883987337226a21	0.0	0.0	0.0	0.0	0.0	0.0	0.0	44.0	0.0
df5b1c879eacf45e88f8d7c84421e39b	0.0	0.0	12.0	0.0	19.0	8.0	0.0	0.0	0.0
e4b22e9c305e7e70c5e20dd2989dc84c	0.0	0.0	0.0	0.0	0.0	0.0	0.0	20.0	32.0
d415e0e50d7fcc0ed1795cdecd0c1ae6	0.0	0.0	46.0	0.0	0.0	0.0	0.0	0.0	0.0
849c579a40fb3c1b74372c4a4829a98a	0.0	0.0	0.0	19.0	0.0	12.0	0.0	0.0	0.0
f91b0fffc475bebf77b1d00169d8a335	0.0	0.0	0.0	0.0	0.0	41.0	0.0	0.0	0.0
000709a39539a93689e298e3b4e83dee	0.0	79.0	0.0	0.0	0.0	0.0	0.0	0.0	0.0
3b77b929a0dfff0f631d6a2ab82843af	0.0	0.0	0.0	0.0	0.0	0.0	0.0	41.0	0.0
2dfa00240574edfde21e6fa25ce62d39	0.0	0.0	0.0	0.0	0.0	0.0	0.0	39.0	0.0
c2429c3d8528a3505d19c0d751458428	0.0	0.0	21.0	6.0	14.0	0.0	0.0	0.0	0.0
6068c7c3e34d8c47e39e15ffae7e1050	0.0	0.0	0.0	0.0	0.0	0.0	0.0	40.0	0.0
a064ad3e21962125be05c4799bbc250a	24.0	31.0	7.0	0.0	0.0	2.0	0.0	0.0	0.0
3e037a24157fdb630f8b1de09e40b998	0.0	0.0	45.0	0.0	0.0	0.0	0.0	0.0	0.0
d17c7fa6abbb78d4e29d124d15e60ad4	0.0	0.0	0.0	7.0	26.0	0.0	0.0	0.0	0.0
068d9169737c2f99e6c65dfb1e4e9925	0.0	0.0	0.0	0.0	0.0	0.0	49.0	0.0	0.0
3b6589e4684b84c995df96eca71b4414	0.0	0.0	0.0	0.0	0.0	0.0	0.0	39.0	0.0
58d894891c12a76c96c435de7409452a	0.0	0.0	44.0	0.0	0.0	0.0	0.0	0.0	0.0
b474598532c39119160e561f219ff8f4	0.0	0.0	0.0	0.0	0.0	0.0	26.0	15.0	0.0
e095db62914ea17b5e0976939adef34f	0.0	0.0	0.0	0.0	0.0	0.0	0.0	44.0	0.0
6b7fd914f6a002f40d9368998c7c72b0	56.0	0.0	0.0	0.0	0.0	0.0	0.0	0.0	0.0
5b75fc085a2a15cf01caff1b63b3974d	0.0	73.0	0.0	0.0	0.0	0.0	0.0	0.0	0.0
14d3f3224d22f77bd3900c5f46bcb774	0.0	0.0	21.0	0.0	24.0	0.0	0.0	0.0	0.0
f2696a0d1e699eac018a3c820d18d7f2	0.0	0.0	0.0	0.0	32.0	0.0	0.0	0.0	0.0
21c773d2131144b4b1094bad42387317	0.0	0.0	0.0	0.0	0.0	0.0	0.0	0.0	54.0
4d33f3dcf507dee2bc8fa65f5adb568c	42.0	18.0	0.0	0.0	0.0	0.0	0.0	0.0	0.0
b033bb7236ffc7814073143c8e40d0bd	0.0	0.0	38.0	0.0	0.0	0.0	0.0	0.0	0.0
aa9ec499f5a361f96d9705ff2a8baac7	0.0	0.0	0.0	12.0	19.0	0.0	0.0	0.0	0.0
144221a5c2dd5827895b85eb584574e4	0.0	71.0	0.0	0.0	0.0	0.0	0.0	0.0	0.0
87b5d14a62e3746ce882090d0d8834f0	0.0	0.0	0.0	0.0	0.0	0.0	0.0	30.0	0.0
6ba97f860cecd07b82ded2dc727dfc45	0.0	0.0	0.0	0.0	0.0	0.0	0.0	42.0	0.0
8d6a5601d9b9e0fd3c557c63c0669802	0.0	70.0	0.0	0.0	0.0	0.0	0.0	0.0	0.0
fc24225ba9603df0d9d273f71d9ea904	0.0	0.0	0.0	0.0	31.0	0.0	0.0	0.0	0.0
e9e4546653180155024c191a0b1fee14	0.0	0.0	0.0	0.0	16.0	22.0	0.0	0.0	0.0
97fe4bca8b31dd4f64d14bebbf64c981	0.0	0.0	0.0	29.0	0.0	0.0	0.0	0.0	0.0
7e510e41c4cad4f730a04f436349ffe9	0.0	0.0	0.0	17.0	8.0	0.0	0.0	0.0	0.0
4d79691fdd00301798418078e4a53c92	0.0	0.0	0.0	0.0	0.0	0.0	24.0	16.0	0.0
043d0d5798eec2dbb21c6e4c755a9309	23.0	39.0	0.0	0.0	0.0	0.0	0.0	0.0	0.0
c448741b40b4e0e0face0e92674bb154	0.0	67.0	0.0	0.0	0.0	0.0	0.0	0.0	0.0
e4bff008233a9dd769bcada6f8cc469e	0.0	28.0	0.0	0.0	18.0	0.0	0.0	0.0	0.0
b3acad179ce3e74a51c264239ea1955a	0.0	0.0	0.0	23.0	0.0	14.0	0.0	0.0	0.0
3437d68f86bd0ef234027a35b8085435	50.0	0.0	0.0	0.0	0.0	0.0	0.0	0.0	0.0
25d3b3393c16b23e7cc6ef23574f4221	0.0	0.0	0.0	0.0	0.0	0.0	37.0	0.0	0.0
6a5e8987de88ccaa85000840d48b5ba5	0.0	0.0	0.0	0.0	0.0	0.0	0.0	32.0	0.0
d1853f1c26fc370207b62273acfe730f	0.0	65.0	0.0	0.0	0.0	0.0	0.0	0.0	0.0
e7f311968ae0187b5a5ae45a22d48d27	0.0	35.0	0.0	0.0	0.0	13.0	0.0	0.0	0.0
1bdf98c398fecfa64a280418906741bc	0.0	16.0	0.0	0.0	0.0	0.0	11.0	0.0	22.0
db12968e37ebc399b593098f072971b0	0.0	0.0	0.0	0.0	0.0	0.0	0.0	41.0	0.0
3722521703711b21e13f4eee1912938c	0.0	0.0	0.0	0.0	0.0	0.0	0.0	37.0	0.0
5a1c5f68e76310a52f65cef1dce1920d	12.0	0.0	0.0	0.0	0.0	0.0	27.0	0.0	0.0
08ba58c1bd1490e6bdcb32f8b0e85638	0.0	0.0	32.0	0.0	0.0	0.0	0.0	0.0	0.0
f095e67c7538fb6d0026b94f3af5d6b2	0.0	0.0	0.0	25.0	0.0	0.0	0.0	0.0	0.0
b9b2a60fcf255b1f683cfb0ce5e21640	0.0	0.0	0.0	8.0	0.0	16.0	0.0	0.0	0.0
e47107974bdc009bd080d04b4f92b0a7	0.0	0.0	0.0	0.0	29.0	0.0	0.0	0.0	0.0
97a5b9691037618eeca2bf25210da585	0.0	0.0	0.0	0.0	0.0	0.0	42.0	0.0	0.0
65ba338e937b32d6e167eb71dbc298c5	0.0	0.0	0.0	0.0	0.0	0.0	0.0	0.0	46.0
4eef6d5bc5464dbffbf00f42613ef18e	0.0	0.0	32.0	0.0	0.0	0.0	0.0	0.0	0.0
e54e7763fea780c855e2e3aa0be78457	0.0	0.0	0.0	24.0	0.0	0.0	0.0	0.0	0.0
a0cf0c7a2285f092c15305bc91bcda5a	0.0	0.0	0.0	24.0	0.0	0.0	0.0	0.0	0.0
7ffe731e82c0eb4d5bc58ca616663060	0.0	0.0	0.0	0.0	0.0	0.0	38.0	0.0	0.0
19cd5ce6ee60d6c25845fe8d38f831ea	0.0	0.0	0.0	0.0	0.0	0.0	5.0	25.0	0.0
2286ae7d2c7566109c889478693a81b8	0.0	0.0	0.0	0.0	0.0	0.0	0.0	0.0	47.0
f2b2ce2001f265b857c7f70e5a4f8f90	0.0	64.0	0.0	0.0	0.0	0.0	0.0	0.0	0.0
a75c2c2e9dea2cc1ef7ab3c8ff9244df	0.0	63.0	0.0	0.0	0.0	0.0	0.0	0.0	0.0
188e2634ce39434d8d37588b93ddab18	0.0	0.0	36.0	0.0	0.0	0.0	0.0	0.0	0.0
9ea1702e5f6a9d9aaa42c8b31591f1c5	0.0	0.0	0.0	0.0	0.0	0.0	0.0	32.0	0.0
fa3342041caddc767b055beb66debcf1	0.0	0.0	0.0	0.0	0.0	0.0	0.0	38.0	0.0
dc99ac0201e9a40cd9ca56058d8a8be0	0.0	0.0	0.0	0.0	0.0	0.0	0.0	0.0	45.0
e9aedc62c3d6c98274f84d6ecd255f17	0.0	62.0	0.0	0.0	0.0	0.0	0.0	0.0	0.0
f6be9f7fe0fb645a6492e08024e2cb42	0.0	62.0	0.0	0.0	0.0	0.0	0.0	0.0	0.0
677a9aa1474dd3b38278c37e6331b330	0.0	0.0	36.0	0.0	0.0	0.0	0.0	0.0	0.0
dffff864a26b86e8e2560012beab2e68	0.0	0.0	0.0	0.0	0.0	34.0	0.0	0.0	0.0
642056db341636a4781ea67e3e8080f5	0.0	0.0	0.0	0.0	0.0	0.0	15.0	18.0	0.0
ccfb5fe27f9188a5b41513d740226cae	0.0	0.0	31.0	0.0	0.0	0.0	0.0	0.0	0.0
f3a194d4efe7fb1b9808df8b014306bd	0.0	0.0	27.0	0.0	0.0	10.0	0.0	0.0	0.0
fa13bb01d6f09945063c8e90fd76c72e	0.0	0.0	0.0	0.0	0.0	0.0	37.0	0.0	0.0
855df19f3016cca45465ef88945c4a63	0.0	0.0	0.0	0.0	0.0	0.0	35.0	0.0	0.0
023c36302e0f59a8b97576c266222a65	0.0	0.0	0.0	0.0	0.0	0.0	0.0	33.0	0.0
74b98c9d620cfc949f2c4fc102bbdcf5	0.0	0.0	0.0	0.0	0.0	0.0	0.0	36.0	0.0
cad68bdc6b019f635e80d9e4228395bd	0.0	0.0	0.0	0.0	0.0	0.0	0.0	35.0	0.0
7158bcf6b0ecc5bd1e51e846a47d74ef	0.0	60.0	0.0	0.0	0.0	0.0	0.0	0.0	0.0
29eb7ad9ff78051f6c2f01e1d83a6bca	43.0	0.0	0.0	0.0	0.0	0.0	0.0	0.0	0.0
6600793ecc55a9e0c396ae2f0e4dc53b	0.0	60.0	0.0	0.0	0.0	0.0	0.0	0.0	0.0
cadb81f0ccb8cb787f1bf6c2b196a55a	0.0	0.0	0.0	0.0	35.0	0.0	0.0	0.0	0.0
077c90bb148b2c7f3363e0cbdb04ca8b	0.0	0.0	0.0	0.0	0.0	32.0	0.0	0.0	0.0
22be1c6b9301a78bc14db1a90e0862b2	0.0	0.0	0.0	0.0	0.0	31.0	0.0	0.0	0.0
3190348c2e3615f17e0efc25113017fc	0.0	0.0	0.0	0.0	0.0	0.0	0.0	0.0	37.0
d34b429ae0210145e017977437a74884	0.0	0.0	0.0	0.0	0.0	0.0	0.0	0.0	43.0
ff4a9cf32c1219aeef08bf185e4e1404	39.0	0.0	0.0	0.0	0.0	0.0	0.0	0.0	0.0
c12a14e276d5f5fc0ed56bcdb46c5418	0.0	0.0	0.0	0.0	0.0	28.0	0.0	0.0	0.0
276c750bd2224ccb30b4318ca9b6643a	0.0	0.0	0.0	0.0	0.0	0.0	37.0	0.0	0.0
c8414a14d72837e6a1714d892ab0efbc	0.0	0.0	0.0	0.0	0.0	23.0	0.0	0.0	0.0
114bedc4f91f80627baaa1c7d6f4766e	0.0	0.0	0.0	0.0	0.0	0.0	0.0	8.0	27.0
ca92688e63901473b5210cade7bafb1f	0.0	0.0	0.0	0.0	0.0	0.0	0.0	0.0	43.0
ba4c85cdd19c999fbf09876e86f5f68a	0.0	54.0	0.0	0.0	0.0	0.0	0.0	0.0	0.0
f4e0cf5f95f9129788fdf3e13db07cc5	0.0	0.0	37.0	0.0	0.0	0.0	0.0	0.0	0.0
b11acf0fd5e548ff37de03d9e5060559	0.0	0.0	0.0	0.0	29.0	0.0	0.0	0.0	0.0
886b5b9ab558b4f8627bd6a014481bfe	0.0	0.0	0.0	0.0	0.0	25.0	0.0	0.0	0.0
c9f350d2d01c51d004c491fa51aff968	0.0	0.0	0.0	0.0	0.0	0.0	0.0	0.0	43.0
0d19c43f3d22855678270d1963649416	0.0	0.0	34.0	0.0	0.0	0.0	0.0	0.0	0.0
0c1b7d305662e9c0cd7787ac74fad270	0.0	0.0	31.0	0.0	0.0	0.0	0.0	0.0	0.0
2c8bf8ced6532da218f6178660821143	0.0	0.0	0.0	0.0	0.0	0.0	19.0	8.0	0.0
ada5d5f0b65ca49d193ab471c3dbfe80	0.0	0.0	0.0	0.0	0.0	0.0	3.0	24.0	0.0
a91bf7984003a776b4f79dd18c70b45f	0.0	0.0	0.0	0.0	0.0	0.0	0.0	0.0	43.0
0a3a5c9596cab8c4d939dce5e44d9d75	46.0	0.0	0.0	0.0	0.0	0.0	0.0	0.0	0.0
0f27a7a1dce83c3a1f33bd583be05e8f	0.0	0.0	0.0	24.0	0.0	0.0	0.0	0.0	0.0
ee9b08437b96a7ca54e04f0a4ef38bdc	0.0	0.0	0.0	0.0	28.0	0.0	0.0	0.0	0.0
ccdb0ca6f9df8f52212785abbc56b1a4	0.0	0.0	0.0	0.0	0.0	0.0	30.0	0.0	0.0
966361587516eaf0fbc5e5a7aba59c0f	0.0	0.0	0.0	0.0	0.0	0.0	0.0	26.0	0.0
72a03ea3c926e57011dedfdf14894768	0.0	0.0	0.0	0.0	0.0	0.0	0.0	26.0	0.0
ce0e55cf3ef11bb13278e91f0c058245	0.0	0.0	0.0	0.0	0.0	0.0	0.0	0.0	41.0
e7da048e7a2907ca460a6ecc5a90593e	0.0	0.0	0.0	0.0	0.0	0.0	0.0	0.0	40.0
92af29380b146d50f48801eff392639b	0.0	0.0	0.0	0.0	8.0	14.0	0.0	0.0	0.0
0637d2634bb48ff1219b27f6a272ea05	0.0	0.0	0.0	0.0	0.0	28.0	0.0	0.0	0.0
788f95ef4b2ed6b7c839a8f7f42b6bc0	38.0	0.0	0.0	0.0	0.0	0.0	0.0	0.0	7.0
570fe504e5f58fb2d12305ca046783e8	0.0	21.0	19.0	0.0	0.0	0.0	0.0	0.0	0.0
7fc700c4a6ab5756e31d8c6012af54b7	0.0	0.0	30.0	0.0	0.0	0.0	0.0	0.0	0.0
fb5f791e9d1f153cfaba4aa7a5ab0053	0.0	0.0	0.0	18.0	0.0	0.0	0.0	0.0	0.0
31b58ce153eb433ec46238e387650264	0.0	0.0	0.0	22.0	0.0	0.0	0.0	0.0	0.0
22d3ef25410a251cae7caeb3f5facdc1	0.0	0.0	0.0	0.0	0.0	0.0	0.0	0.0	37.0
03c4760788193f4fd5a8e2913f3e41a1	0.0	49.0	0.0	0.0	0.0	0.0	0.0	0.0	0.0
c3178a1a9d3f655cca2e25eac53fa042	0.0	0.0	22.0	0.0	0.0	0.0	0.0	0.0	0.0
a416780a70c80aa67ac6ca2514b1045a	0.0	0.0	36.0	0.0	0.0	0.0	0.0	0.0	0.0
3e279f9c5802541aafff05dd281bc4c5	0.0	0.0	0.0	23.0	0.0	0.0	0.0	0.0	0.0
aced3082fbe42cf2c031a564f01e1bcd	0.0	0.0	0.0	0.0	0.0	0.0	34.0	0.0	0.0
7f52cadf87e81f6b1660268da3f2764b	0.0	0.0	0.0	0.0	0.0	0.0	0.0	25.0	0.0
e71dca2bd8bb272f90075f1ea2442341	21.0	0.0	0.0	0.0	0.0	11.0	0.0	0.0	0.0
21031b9362bacfe757b4ac3902db11ec	0.0	51.0	0.0	0.0	0.0	0.0	0.0	0.0	0.0
72f1f1d1243473361ddff131dc629292	0.0	0.0	9.0	0.0	8.0	0.0	0.0	0.0	0.0
fd7be307fd27b0ef211bb27f21842374	0.0	0.0	0.0	28.0	0.0	0.0	0.0	0.0	0.0
1f2dbfe0161cce3151534385fff65fef	0.0	0.0	0.0	0.0	0.0	21.0	0.0	0.0	0.0
c20b3443258b22ae8c2842c37f9427f1	0.0	0.0	0.0	0.0	0.0	0.0	0.0	0.0	42.0
6a7d3118350e9477508cf8360dbbc2ad	35.0	0.0	0.0	0.0	0.0	0.0	0.0	0.0	0.0
5428c334ef5757fa7ddce4b608ff0990	0.0	49.0	0.0	0.0	0.0	0.0	0.0	0.0	0.0
9436a016390f7bb9743be7406ed54bf0	0.0	0.0	30.0	0.0	0.0	0.0	0.0	0.0	0.0
046215eb042ec78562cd02b3da503f30	0.0	0.0	0.0	8.0	0.0	13.0	0.0	0.0	0.0
afdc00ebad949939e13e4e1031fda871	0.0	0.0	0.0	0.0	25.0	0.0	0.0	0.0	0.0
0de0d54da1da4855ae293e941ef4c3ba	0.0	0.0	0.0	0.0	0.0	0.0	21.0	0.0	0.0
8da759cd364ee851a3c8314ae3611b1e	0.0	0.0	0.0	0.0	0.0	0.0	26.0	0.0	0.0
7a85585ca58269e9446dcdc8f8863ff9	0.0	0.0	0.0	0.0	0.0	0.0	0.0	23.0	0.0
2ab252c109f5023c630aa393baf41795	42.0	0.0	0.0	0.0	0.0	0.0	0.0	0.0	0.0
e5b9736d9af41a507ce357d09abe8401	0.0	48.0	0.0	0.0	0.0	0.0	0.0	0.0	0.0
b69bc03a7888bd59772f8162c1b0c918	0.0	48.0	0.0	0.0	0.0	0.0	0.0	0.0	0.0
7d1292c470969b95a21ee4f79a9934a2	0.0	0.0	27.0	0.0	0.0	0.0	0.0	0.0	0.0
6748fb3a9acc89fdebbdfe2289cf4baa	0.0	0.0	29.0	0.0	0.0	0.0	0.0	0.0	0.0
9872ca77c66183afa626a1fc6b44115a	0.0	0.0	0.0	0.0	0.0	0.0	29.0	0.0	0.0
445454ee4599c139d4b35bd033431a0a	0.0	0.0	0.0	0.0	0.0	0.0	26.0	5.0	0.0
ba7928e0d6de4c7b55cd54a4b0f2de2c	0.0	0.0	0.0	0.0	0.0	0.0	0.0	26.0	0.0
aa04cdf896a7a51687c6db3972d46e85	0.0	0.0	0.0	0.0	0.0	0.0	0.0	0.0	32.0
31b4bce1c96a2d6e83ce76391fa09401	0.0	0.0	31.0	0.0	0.0	0.0	0.0	0.0	0.0
532707ff04aa655c3eae934ef5c20af6	0.0	0.0	23.0	0.0	0.0	0.0	0.0	0.0	0.0
97b6d2189881b1274be8afa8acd59ec5	0.0	0.0	0.0	22.0	0.0	0.0	0.0	0.0	0.0
2984480a99c03417b7007fd587acd98f	0.0	0.0	0.0	0.0	0.0	0.0	0.0	20.0	0.0
e324bbdd4359ecae51ff641eb70b2610	0.0	0.0	27.0	0.0	0.0	0.0	0.0	0.0	0.0
473cccea0763b1e7027fb948b9a655d0	0.0	0.0	0.0	7.0	12.0	0.0	0.0	0.0	0.0
f058a0c2726fd84b119a5ed38e9fa699	0.0	0.0	0.0	0.0	0.0	0.0	0.0	22.0	0.0
aae451d011c4ebb995ca0ac44a48e920	0.0	0.0	0.0	0.0	0.0	0.0	0.0	22.0	0.0
71b2a8e02904cce8492615da02a251e0	33.0	0.0	0.0	0.0	0.0	0.0	0.0	0.0	0.0
973739948e4f5a0bd64f1fbc3218566a	0.0	0.0	31.0	0.0	0.0	0.0	0.0	0.0	0.0
e51e88965ebcb89359abe91007b83e37	0.0	0.0	10.0	15.0	0.0	0.0	0.0	0.0	0.0
fec8a04b40a9d6f90e0fbd5ac9d35276	0.0	0.0	0.0	0.0	0.0	0.0	26.0	0.0	0.0
35cd9bfb608c11128f3c40118cbb8c6d	0.0	0.0	0.0	0.0	0.0	0.0	0.0	21.0	0.0
3ab9996ab01d05236dd20df4e1fc9dd3	0.0	0.0	0.0	0.0	0.0	0.0	0.0	25.0	0.0
f01bc60c128709dae1e9d63b30a461a9	0.0	42.0	0.0	0.0	0.0	0.0	0.0	0.0	0.0
69780a1336dadbc4623563e650f373d0	0.0	0.0	23.0	0.0	0.0	0.0	0.0	0.0	0.0
ae18a21252d1cb2f335a3c01a0b3cc7d	0.0	0.0	0.0	0.0	0.0	0.0	0.0	29.0	0.0
5dc1a205cf7a846703b6104df75d737a	0.0	0.0	0.0	0.0	0.0	0.0	0.0	27.0	0.0
af2e215c0fc469b9cb5cdd2f6ff5cf04	0.0	0.0	0.0	0.0	0.0	0.0	0.0	27.0	0.0
bc9c7483e34c315eedaff7f0c0328f73	0.0	41.0	0.0	0.0	0.0	0.0	0.0	0.0	0.0
1783cef07144a8f830208229ae5ce231	0.0	43.0	0.0	0.0	0.0	0.0	0.0	0.0	0.0
774e92096bdbecce7fff2652bf9a71fb	0.0	0.0	22.0	0.0	0.0	0.0	0.0	0.0	0.0
5988d72461fded07eb9bea7fb0e3e3a4	0.0	0.0	26.0	0.0	0.0	0.0	0.0	0.0	0.0
f0798f54ba2c0fa2412f695f9708fdc7	0.0	0.0	0.0	0.0	23.0	0.0	0.0	0.0	0.0
bd1102792a88554c083e652bcdab809a	0.0	0.0	0.0	0.0	0.0	20.0	0.0	0.0	0.0
51f070885f827d732321d9cb0341ed50	0.0	0.0	0.0	0.0	0.0	0.0	0.0	24.0	0.0
5d74061d13836ded3e3923092ad2b0ba	0.0	0.0	0.0	0.0	0.0	0.0	0.0	27.0	0.0
f2754e5a33f922f6a3c05fbb99d01dab	0.0	0.0	0.0	0.0	0.0	0.0	0.0	0.0	33.0
82d153c39b581bcc9ba1643c52ce13ef	0.0	0.0	0.0	0.0	0.0	0.0	0.0	0.0	30.0
0b7d51e26d0ae92ebf01f4fbee32cbeb	35.0	0.0	0.0	0.0	0.0	0.0	0.0	0.0	0.0
f808d572c155cd62556d190780f4b446	0.0	38.0	0.0	0.0	0.0	0.0	0.0	0.0	0.0
e7303b335bac17af32f7566128a4e024	0.0	42.0	0.0	0.0	0.0	0.0	0.0	0.0	0.0
9affe77f71a0a32c9ef457753252e2e4	0.0	0.0	0.0	0.0	0.0	21.0	0.0	0.0	0.0
dc57bf11d365aa37f64d2f2b95ee6cb8	0.0	0.0	0.0	0.0	0.0	0.0	27.0	0.0	0.0
5c01d3a426efef909aa2966dfbe525f1	0.0	0.0	0.0	0.0	0.0	0.0	22.0	0.0	0.0
c3251cd29e92b88309038725e72171a9	0.0	0.0	0.0	0.0	0.0	0.0	0.0	19.0	0.0
5f76d8a2ef04c2929ad00a9114fd4312	0.0	0.0	0.0	0.0	0.0	0.0	0.0	0.0	35.0
822d4b4a28e1795b2692e69a74d17703	32.0	0.0	0.0	0.0	0.0	0.0	0.0	0.0	0.0
63120f2aed478e1dac2c781efa8f6c6b	0.0	41.0	0.0	0.0	0.0	0.0	0.0	0.0	0.0
9863ce0d9e077186367744a6adcf02ef	0.0	42.0	0.0	0.0	0.0	0.0	0.0	0.0	0.0
51e5d4085ab0faa48261702a8720167f	0.0	0.0	23.0	0.0	0.0	0.0	0.0	0.0	0.0
cc38d2772fdc0b36caaf763f6fd3379e	0.0	0.0	28.0	0.0	0.0	0.0	0.0	0.0	0.0
f1c6f87cfa9ea6a80d6768af1f1550e1	0.0	0.0	0.0	18.0	0.0	0.0	0.0	0.0	0.0
e1b28bfe40b5b1e78c81ec4906a4d1a4	0.0	0.0	0.0	19.0	0.0	0.0	0.0	0.0	0.0
8879bffc5e4a97562f02480d133594ee	0.0	0.0	0.0	0.0	21.0	0.0	0.0	0.0	0.0
c489970e07422684d4919b494f6481f0	0.0	0.0	0.0	0.0	18.0	0.0	0.0	0.0	0.0
bd37068fcc04a7a3314f474741e75165	0.0	0.0	0.0	0.0	0.0	20.0	0.0	0.0	0.0
fbf1a4ea9b0fbdc2eeab9b9d94420d10	0.0	0.0	0.0	0.0	0.0	0.0	0.0	18.0	0.0
d243f86b032778292bb4f8fc9b07914b	0.0	0.0	0.0	0.0	0.0	0.0	0.0	17.0	0.0
9cd18a20248eb047019703ba7ba943f3	0.0	0.0	0.0	0.0	0.0	0.0	0.0	17.0	0.0
51c4e1adfda336d1cb8bec0b600bf66c	0.0	0.0	0.0	0.0	0.0	0.0	0.0	0.0	32.0
1d9a62c189e5be5be0cee867ca90e044	0.0	0.0	0.0	0.0	0.0	0.0	0.0	0.0	29.0
caa39b3c9d83bfbaeee53030fa9032d2	0.0	0.0	0.0	0.0	0.0	0.0	0.0	0.0	26.0
18aba0eb9189ac6bffb98912998ff746	11.0	0.0	0.0	0.0	0.0	0.0	0.0	16.0	0.0
e68be5b64aec71cc0db22acbe07625c9	0.0	0.0	21.0	0.0	0.0	0.0	0.0	0.0	0.0
673078df5d4a696742d1650c0dc461da	0.0	0.0	27.0	0.0	0.0	0.0	0.0	0.0	0.0
eeed2d22a7fb482397b1dc1431ddf760	0.0	0.0	24.0	0.0	0.0	0.0	0.0	0.0	0.0
bc2aac0840d45bcefce29050a486033d	0.0	0.0	25.0	0.0	0.0	0.0	0.0	0.0	0.0
95518b82bfa6ac49383aa1e6bfc031be	0.0	0.0	0.0	14.0	0.0	0.0	0.0	0.0	0.0
fc61d96c345783eb24ae615e2f4246da	0.0	0.0	0.0	0.0	20.0	0.0	0.0	0.0	0.0
b82c1e0a976d85bcff75cc10597ad8a4	0.0	0.0	0.0	0.0	0.0	24.0	0.0	0.0	0.0
c85a71e038d2548427cf4425b65d08f0	0.0	0.0	0.0	0.0	0.0	0.0	22.0	0.0	0.0
a6103e6532dc5b1f1e50237a049ab886	0.0	0.0	0.0	0.0	0.0	0.0	0.0	18.0	0.0
78944c2e264e56f98b8c6080b188f045	0.0	0.0	0.0	0.0	0.0	0.0	0.0	0.0	27.0
d5d52b2922bf8596086473027036399b	30.0	0.0	0.0	0.0	0.0	0.0	0.0	0.0	0.0
85d232672977ea1f517aa7658befc60b	33.0	0.0	0.0	0.0	0.0	0.0	0.0	0.0	0.0
f6ac9819e7192cd200f938cc05b7b016	0.0	0.0	21.0	0.0	0.0	0.0	0.0	0.0	0.0
8ad29435e24e665df09e37fd5baf18d2	0.0	0.0	0.0	20.0	0.0	0.0	0.0	0.0	0.0
6da7a7cdec8a67b9dc1084ef565ffae2	0.0	0.0	0.0	7.0	0.0	8.0	0.0	0.0	0.0
0d73207c143303171e4decdc913774b5	0.0	0.0	0.0	0.0	14.0	0.0	0.0	0.0	0.0
365a0a00fc6b6afddcfd294ef94f6c6b	0.0	0.0	0.0	0.0	0.0	19.0	0.0	0.0	0.0
b12105ac63c209e9079710d9eae48845	0.0	0.0	0.0	0.0	0.0	24.0	0.0	0.0	0.0
9dfb1d7964507b92363061b01f6e241d	0.0	0.0	0.0	0.0	0.0	23.0	0.0	0.0	0.0
ec35bc7ec3af7b63dcb4aeb41bc37b1c	0.0	0.0	0.0	0.0	0.0	0.0	0.0	0.0	29.0
a71fd809c80784ddc2ea64cd62982dcc	0.0	0.0	0.0	0.0	0.0	0.0	0.0	0.0	26.0
503dd4dc5f7380bf821c0765228763e3	0.0	38.0	0.0	0.0	0.0	0.0	0.0	0.0	0.0
3f77f12ee538c4c059434e0edfe13065	0.0	39.0	0.0	0.0	0.0	0.0	0.0	0.0	0.0
9b0dda5900571a3813373df744baf287	0.0	0.0	0.0	0.0	11.0	9.0	0.0	0.0	0.0
31a4f6deeba91c7e9e19b33da1df89c9	0.0	0.0	0.0	0.0	0.0	0.0	22.0	0.0	0.0
e2886e1bb9832a97998c48dc957bd1df	0.0	0.0	0.0	0.0	0.0	0.0	25.0	0.0	0.0
0ba35288ec83edbf5ed686f713c7e6e6	0.0	0.0	0.0	0.0	0.0	0.0	0.0	0.0	31.0
55ffe844b68a3e05277739bf3a6d0150	0.0	0.0	0.0	0.0	0.0	0.0	0.0	0.0	25.0
2e5575b7b8ab7233ef3b2f80bdaff21e	0.0	0.0	0.0	0.0	0.0	0.0	0.0	0.0	28.0
5e68a84e432f8e1fdbf294a453d43a5c	0.0	0.0	0.0	0.0	0.0	0.0	0.0	0.0	28.0
1b4158a29ce75536be6465499b330646	28.0	0.0	0.0	0.0	0.0	0.0	0.0	0.0	0.0
ef6fadb862d315bd23dec761cfea8504	11.0	0.0	0.0	0.0	11.0	0.0	0.0	0.0	0.0
041caa4a1c7b4bfa5b01d4a2aef3a3b8	0.0	37.0	0.0	0.0	0.0	0.0	0.0	0.0	0.0
05449d3744348aaa4cb1932830c4e17e	0.0	0.0	17.0	0.0	0.0	0.0	0.0	0.0	0.0
338d5363f88a339ddb00d289ffd971d6	0.0	0.0	24.0	0.0	0.0	0.0	0.0	0.0	0.0
40da5026832b480d93106aa113a698ca	0.0	0.0	18.0	0.0	0.0	0.0	0.0	0.0	0.0
d9ac8aae387cca6c8571224239f6ed89	0.0	0.0	21.0	0.0	0.0	0.0	0.0	0.0	0.0
8af8d27cc909cb3cdb77fdeff66af6eb	0.0	0.0	14.0	6.0	0.0	0.0	0.0	0.0	0.0
3c1f08f1c7d497ff5db6ab50a1b5dff0	0.0	0.0	0.0	17.0	0.0	0.0	0.0	0.0	0.0
a6b76d71bd32752a6130cee9b89bc523	0.0	0.0	0.0	14.0	0.0	0.0	0.0	0.0	0.0
9d04a93e1a682cbac7f89ec815a4c3b9	0.0	0.0	0.0	0.0	19.0	0.0	0.0	0.0	0.0
21850183ca51f5cdae5e4dd75191031c	0.0	0.0	0.0	0.0	0.0	23.0	0.0	0.0	0.0
bc0baef1866e91b89099879c73768d5f	0.0	0.0	0.0	0.0	0.0	0.0	22.0	0.0	0.0
d058734f61ceb303958b6075d5e0c5b5	0.0	0.0	0.0	0.0	0.0	0.0	23.0	0.0	0.0
e15b957e9ce5b64c4bab9ca7f4dc3a68	0.0	0.0	0.0	0.0	0.0	0.0	22.0	0.0	0.0
f7c51f5d727a583adeaf285c4cee3e61	0.0	0.0	0.0	0.0	0.0	0.0	0.0	21.0	0.0
7a0d822d007f9fb549b7ae59bb65ef5e	0.0	0.0	0.0	0.0	0.0	0.0	0.0	21.0	0.0
d73743450826730bf11814cb7afc51fa	0.0	0.0	0.0	0.0	0.0	0.0	0.0	0.0	32.0
a49f2d79db651fe73dee8d7b82ea67eb	0.0	0.0	0.0	0.0	0.0	0.0	0.0	0.0	26.0
a3f773d636415e8feb340bb2e8cf1a37	0.0	0.0	0.0	0.0	0.0	0.0	0.0	0.0	25.0
89e4d0b4a9d3ef6bfda117090b30b053	0.0	0.0	16.0	0.0	0.0	0.0	0.0	0.0	0.0
0f1a356ed58426863d317f45ee505262	0.0	0.0	0.0	14.0	0.0	0.0	0.0	0.0	0.0
5ea898d571640dbe0000ce4ad5b010a8	0.0	0.0	0.0	0.0	17.0	0.0	0.0	0.0	0.0
caf464bb09355b4a1b21df558ab19148	0.0	0.0	0.0	0.0	0.0	19.0	0.0	0.0	0.0
6b6035c8d950b1672cc84fe003b23c78	0.0	0.0	0.0	0.0	0.0	0.0	20.0	0.0	0.0
63bbd0dd07d7e150dcc8dfa12d73e92b	0.0	0.0	0.0	0.0	0.0	0.0	0.0	0.0	27.0
a3aeeb3384632fe71bcfc1129bc01828	0.0	0.0	0.0	0.0	0.0	0.0	0.0	0.0	27.0
ca55803aa2474aaad8c25707e56a49f7	0.0	36.0	0.0	0.0	0.0	0.0	0.0	0.0	0.0
d7f24c9ad458d62f6e824f48e95e4f78	0.0	0.0	21.0	0.0	0.0	0.0	0.0	0.0	0.0
862385a604b26cbfe7bded76e7f2fd1b	0.0	0.0	0.0	16.0	0.0	0.0	0.0	0.0	0.0
a5c7c6645ab90c189b34368cf68bcca2	0.0	0.0	0.0	6.0	12.0	0.0	0.0	0.0	0.0
496f20cd9d629b0dc1285cb07ba3fe43	0.0	0.0	0.0	0.0	19.0	0.0	0.0	0.0	0.0
bdaf2631399b62d20f48f85c6011647d	0.0	0.0	0.0	0.0	8.0	0.0	0.0	0.0	0.0
41791ad6c0986f0b2fcb40a93492ee9c	0.0	0.0	0.0	0.0	0.0	20.0	0.0	0.0	0.0
2e9497f199f3ef4a2d08e74ff051850a	0.0	0.0	0.0	0.0	0.0	22.0	0.0	0.0	0.0
4b711a99aaaaec17e1aa64ec4be7d3e5	0.0	0.0	0.0	0.0	0.0	0.0	20.0	0.0	0.0
a6a2ebe9112deb6d5c3543b3f002cb34	0.0	0.0	0.0	0.0	0.0	0.0	0.0	14.0	0.0
ef25d8de7bd635c7a365bb656e06c17e	0.0	0.0	0.0	0.0	0.0	0.0	0.0	19.0	0.0
ee6853690c7a023eb14749e147503521	0.0	0.0	0.0	0.0	0.0	0.0	0.0	0.0	27.0
5cb61dae85337cffd56580b6ef155d2d	0.0	0.0	0.0	0.0	0.0	0.0	0.0	0.0	21.0
a375eb15b54f38436bba47e9a463b82b	29.0	0.0	0.0	0.0	0.0	0.0	0.0	0.0	0.0
4cd6f3b31e3996d5a34c07f1f7a1cc6b	0.0	33.0	0.0	0.0	0.0	0.0	0.0	0.0	0.0
2b69a66312c5c1cf8222cdd4be151c50	0.0	0.0	18.0	0.0	0.0	0.0	0.0	0.0	0.0
2679653fe5bf4a515328409842507560	0.0	0.0	0.0	0.0	11.0	0.0	0.0	0.0	0.0
77544184629fb5efd7b191a5987f66bc	0.0	0.0	0.0	0.0	15.0	0.0	0.0	0.0	0.0
cad02bc556afb67ef331367163d490fd	0.0	0.0	0.0	0.0	17.0	0.0	0.0	0.0	0.0
5f39617c218c61098957c4fdf01a0330	0.0	0.0	0.0	0.0	0.0	0.0	17.0	0.0	0.0
04a950e037541ecece60b5bbd39dccbe	0.0	0.0	0.0	0.0	0.0	0.0	21.0	0.0	0.0
36b698db89d22651be5ed7fe834df282	0.0	0.0	0.0	0.0	0.0	0.0	0.0	17.0	0.0
4d31e2fa1ada69adf587eeb47741e38b	0.0	0.0	0.0	0.0	0.0	0.0	0.0	14.0	0.0
6ed025f988e4a40d97b847ca007f68c5	0.0	0.0	0.0	0.0	0.0	0.0	0.0	19.0	0.0
f4218c6660ba3667a8b35f54b1209311	0.0	0.0	0.0	0.0	0.0	0.0	0.0	0.0	23.0
893c2685822b658ddf7cf38226421c64	24.0	0.0	0.0	0.0	0.0	0.0	0.0	0.0	0.0
0520eef74b4d3ed192ab7370b430b492	16.0	15.0	0.0	0.0	0.0	0.0	0.0	0.0	0.0
db90187d832acaecaf8ead1077c89a1e	0.0	33.0	0.0	0.0	0.0	0.0	0.0	0.0	0.0
76a2896b6035133c23afbd0b6e47d68e	0.0	33.0	0.0	0.0	0.0	0.0	0.0	0.0	0.0
67b88ba74dbd4893c6a80f77f22df65b	0.0	34.0	0.0	0.0	0.0	0.0	0.0	0.0	0.0
d599e94faf420eb8602867ca96aed2d6	0.0	0.0	17.0	0.0	0.0	0.0	0.0	0.0	0.0
b13f80acba3804b7f3fc1d9b87044a5a	0.0	0.0	19.0	0.0	0.0	0.0	0.0	0.0	0.0
5fed45e9ab9b9bc004a5d5015aae0456	0.0	0.0	15.0	0.0	0.0	0.0	0.0	0.0	0.0
9e04583ada3bd37d152288e8058c7d47	0.0	0.0	11.0	0.0	0.0	0.0	0.0	9.0	0.0
b293a5c69d318b7f38f8e4d30ae31991	0.0	0.0	5.0	11.0	0.0	0.0	0.0	0.0	0.0
02ad8be44375f040de5fe332f031feaa	0.0	0.0	0.0	14.0	0.0	0.0	0.0	0.0	0.0
00be340428e0824a5bd20256800e805d	0.0	0.0	0.0	0.0	13.0	0.0	0.0	0.0	0.0
251333007624988152a6845e23fd59a0	0.0	0.0	0.0	0.0	0.0	0.0	20.0	0.0	0.0
96be33118e44e833b9881b1d47b8a91c	0.0	0.0	0.0	0.0	0.0	0.0	0.0	18.0	0.0
f7dd7d097d3a56b8c960353afb579428	0.0	0.0	0.0	0.0	0.0	0.0	0.0	0.0	25.0
0d6013aea26b1fc1cc6a3f355351a6a5	25.0	0.0	0.0	0.0	0.0	0.0	0.0	0.0	0.0
3202336cd8be32b309daf0b899e6a668	23.0	0.0	0.0	0.0	0.0	0.0	0.0	0.0	0.0
3512cc0b2371539714738775c0993407	13.0	0.0	10.0	0.0	0.0	0.0	0.0	0.0	0.0
ae6d6e3f99db21f2cc8c389f6ce93088	0.0	0.0	14.0	0.0	0.0	0.0	0.0	0.0	0.0
6e54a24407aa2a33feca60898688667f	0.0	0.0	12.0	0.0	0.0	0.0	0.0	0.0	0.0
e2a0d6187a712bd2b41277b5a720d62e	0.0	0.0	15.0	0.0	0.0	0.0	0.0	0.0	0.0
bf6026acfc1800f4160dda967b789142	0.0	0.0	0.0	12.0	0.0	0.0	0.0	0.0	0.0
a5bf05bc6ba579436f91343199d74b42	0.0	0.0	0.0	0.0	15.0	0.0	0.0	0.0	0.0
4dee31e4ee5295f4a0d0a0516d82c64c	0.0	0.0	0.0	0.0	0.0	17.0	0.0	0.0	0.0
be1de37bcdcd188bc93e105e728e2eb3	0.0	0.0	0.0	0.0	0.0	18.0	0.0	0.0	0.0
6bf29fad5d4c3d69e6c028c9b36e8398	0.0	0.0	0.0	0.0	0.0	23.0	0.0	0.0	0.0
7bb1bb6f2705c4583b11e898e12f1821	0.0	0.0	0.0	0.0	0.0	0.0	0.0	19.0	0.0
f37d6609a9fdac00085bf028dcc0aa86	0.0	0.0	0.0	0.0	0.0	0.0	0.0	0.0	24.0
1f377d3a6485db601b285750f03e3214	0.0	0.0	0.0	0.0	0.0	0.0	0.0	0.0	24.0
df20a2f61044f363eab5fa1dd96eb4c2	22.0	0.0	0.0	0.0	0.0	0.0	0.0	0.0	0.0
01bbe713fb67bc3ea49a15005e297b78	0.0	30.0	0.0	0.0	0.0	0.0	0.0	0.0	0.0
e0e0c9ed240ce281ec9862c5de5b31f1	0.0	31.0	0.0	0.0	0.0	0.0	0.0	0.0	0.0
b072f2260add27bf61beb3014afe122a	0.0	0.0	18.0	0.0	0.0	0.0	0.0	0.0	0.0
3bd8f335c64c3aaa6e60075d36e7796f	0.0	0.0	23.0	0.0	0.0	0.0	0.0	0.0	0.0
439cbbf3cfc04b019b54bfd3e4e8a936	0.0	0.0	17.0	0.0	0.0	0.0	0.0	0.0	0.0
e8aac6e16654d8699933fb0678f4c3f2	0.0	0.0	0.0	6.0	10.0	0.0	0.0	0.0	0.0
5fd2e06d19a9c4ec96013789910aa789	0.0	0.0	0.0	0.0	13.0	0.0	0.0	0.0	0.0
135d791b7ead70b45e2209140005c4ff	0.0	0.0	0.0	0.0	0.0	14.0	0.0	0.0	0.0
590bff17ecab3233a32e41f0059dc5d3	0.0	0.0	0.0	0.0	0.0	0.0	16.0	0.0	0.0
756c33d571bb49e3c02d8f4f56dbc5a7	0.0	0.0	0.0	0.0	0.0	0.0	16.0	0.0	0.0
a077728850d3db7bec40334b774793eb	0.0	0.0	0.0	0.0	0.0	0.0	23.0	0.0	0.0
326afedf7c7a50f3bc5e5e319990b156	0.0	0.0	0.0	0.0	0.0	0.0	0.0	0.0	24.0
1b14377c66c20e4e55102109818b0522	0.0	0.0	0.0	0.0	0.0	0.0	0.0	0.0	17.0
033ca5567d5b7cfe6fb1e8f709dc8009	25.0	0.0	0.0	0.0	0.0	0.0	0.0	0.0	0.0
06f3642334525ca5625475ebd3f43327	25.0	0.0	0.0	0.0	0.0	0.0	0.0	0.0	0.0
228a26e600f115953149afa62fed97d8	0.0	0.0	23.0	0.0	0.0	0.0	0.0	0.0	0.0
8d5fee0b3145a2a776a65d7e9ee50d65	0.0	0.0	23.0	0.0	0.0	0.0	0.0	0.0	0.0
ef5acd70a847abaf884b90828589ff7d	0.0	0.0	15.0	0.0	0.0	0.0	0.0	0.0	0.0
19bdcf96ed915e68ff0cc14c1896e78c	0.0	0.0	16.0	0.0	0.0	0.0	0.0	0.0	0.0
071ac4b206afd88008b4a4726131091d	0.0	0.0	0.0	18.0	0.0	0.0	0.0	0.0	0.0
c32d20c8b21bb26b622af9667dfe187e	0.0	0.0	0.0	0.0	8.0	0.0	0.0	0.0	0.0
123ab0d207adb47d3850e4cb8fbb79d5	0.0	0.0	0.0	0.0	0.0	0.0	16.0	0.0	0.0
a039654e8352152a0c10aa4ddb03742b	0.0	0.0	0.0	0.0	0.0	0.0	23.0	0.0	0.0
d7fb42436c563f88c72b4cc8319d1065	0.0	0.0	0.0	0.0	0.0	0.0	0.0	18.0	0.0
06a81c0882e018634a79f88b1d73e087	0.0	0.0	0.0	0.0	0.0	0.0	0.0	15.0	0.0
02b57e64a4a2f9d3f02a0a07852be4f0	0.0	0.0	0.0	0.0	0.0	0.0	0.0	0.0	22.0
4c425da575abbaf668be7fced1034a68	20.0	0.0	0.0	0.0	0.0	0.0	0.0	0.0	0.0
3953de6752c4fff754a1690bd7c747e6	25.0	0.0	0.0	0.0	0.0	0.0	0.0	0.0	0.0
f91da2eb9a921958b28ece4e9ea3b095	0.0	28.0	0.0	0.0	0.0	0.0	0.0	0.0	0.0
dc8c0b5ebdc34d503a9db3522248832a	0.0	30.0	0.0	0.0	0.0	0.0	0.0	0.0	0.0
716980da1e0f83879a158f2681e5f5fe	0.0	0.0	14.0	0.0	0.0	0.0	0.0	0.0	0.0
ddfad0707bdc1c727110462710aca8bb	0.0	0.0	0.0	11.0	0.0	0.0	0.0	0.0	0.0
a1660a28fe7b00b40b7a118ac98080e8	0.0	0.0	0.0	13.0	0.0	0.0	0.0	0.0	0.0
a8e89b93dc7b2fe3a900259f94f3bd86	0.0	0.0	0.0	15.0	0.0	0.0	0.0	0.0	0.0
51b55a1aff484841ccf2b66aeec6ba92	0.0	0.0	0.0	13.0	0.0	0.0	0.0	0.0	0.0
0e1d89480bc6cf544964e76b258e3755	0.0	0.0	0.0	0.0	11.0	0.0	0.0	0.0	0.0
624dbf51c6005ad5a3169b836cb168cc	0.0	0.0	0.0	0.0	0.0	0.0	16.0	0.0	0.0
33dc94ebd13082a73165a50102f116d6	0.0	0.0	0.0	0.0	0.0	0.0	11.0	6.0	0.0
01c65199000ae5222d5a6c42b6efeb23	0.0	0.0	0.0	0.0	0.0	0.0	0.0	17.0	0.0
a164bd18c4334e86050bac05d37076c9	0.0	0.0	0.0	0.0	0.0	0.0	0.0	0.0	25.0
75095bdef73348e1c076ab7f60d1bc5e	24.0	0.0	0.0	0.0	0.0	0.0	0.0	0.0	0.0
ea52b9dfad475d93a5b62e5fb7054165	22.0	0.0	0.0	0.0	0.0	0.0	0.0	0.0	0.0
fc0de054dcf2efd3b31989fa726b81bd	12.0	11.0	0.0	0.0	0.0	0.0	0.0	0.0	0.0
1e56d137322b40a53a7959ec128176dd	13.0	0.0	0.0	0.0	0.0	6.0	0.0	0.0	0.0
f04061ebc4732c5268fc2fa700e400af	0.0	29.0	0.0	0.0	0.0	0.0	0.0	0.0	0.0
43483f3b2cead7681c2aafdbc24805b1	0.0	29.0	0.0	0.0	0.0	0.0	0.0	0.0	0.0
bfa2b088f0206526a0d74b860821ccf6	0.0	29.0	0.0	0.0	0.0	0.0	0.0	0.0	0.0
f6e9fa68f903c9b0e7cef594f2cabfe4	0.0	0.0	16.0	0.0	0.0	0.0	0.0	0.0	0.0
b597ba7c45db54a90c774cfb18de0d6b	0.0	0.0	15.0	0.0	0.0	0.0	0.0	0.0	0.0
c08499a8724b798d794e9268cc44283d	0.0	0.0	19.0	0.0	0.0	0.0	0.0	0.0	0.0
0d42f25913170529e0c664238f31579a	0.0	0.0	0.0	15.0	0.0	0.0	0.0	0.0	0.0
dba846f169dfd049d549f39ccd74d3b0	0.0	0.0	0.0	0.0	10.0	0.0	0.0	0.0	0.0
df03febfc751e62ab8964a694c10edfa	0.0	0.0	0.0	0.0	0.0	20.0	0.0	0.0	0.0
fdea1d68f1af3dcd1e49f06a4bd224b7	0.0	0.0	0.0	0.0	0.0	0.0	20.0	0.0	0.0
61a9a987aead1468359807618eb9ec67	0.0	0.0	0.0	0.0	0.0	0.0	18.0	0.0	0.0
87ace993ebf64043b48b15a10c09fe4a	0.0	0.0	0.0	0.0	0.0	0.0	16.0	0.0	0.0
4098adae05ef437e60d23585153bbd31	0.0	0.0	0.0	0.0	0.0	0.0	2.0	2.0	13.0
5ba08b42c64d3b3087235813b7d07905	0.0	0.0	0.0	0.0	0.0	0.0	0.0	0.0	24.0
3ecb45ff59f35c8bea08c072297204fc	22.0	0.0	0.0	0.0	0.0	0.0	0.0	0.0	0.0
fe820dae6cfda9bd806c356f9da7dc6d	22.0	0.0	0.0	0.0	0.0	0.0	0.0	0.0	0.0
74bf17f774465cdb332580a662d2e131	24.0	0.0	0.0	0.0	0.0	0.0	0.0	0.0	0.0
d9110486852a20aaf97ee412bf853aed	0.0	27.0	0.0	0.0	0.0	0.0	0.0	0.0	0.0
635117f0e36912ef21b89957fa09e02d	0.0	14.0	7.0	0.0	0.0	0.0	0.0	0.0	0.0
083f6059a2d7adc0b2750266dc1d0e1d	0.0	11.0	10.0	0.0	0.0	0.0	0.0	0.0	0.0
9f9ab33ccc82932b1bc82415126d3e9b	0.0	0.0	15.0	0.0	0.0	0.0	0.0	0.0	0.0
c1ad380f9575a029120f4e806b9ed317	0.0	0.0	0.0	11.0	0.0	0.0	0.0	0.0	0.0
e842573b003443814b57e13f5e5dc4d3	0.0	0.0	0.0	0.0	11.0	0.0	0.0	0.0	0.0
bb727492d007f2ed3e8e388b8b414234	0.0	0.0	0.0	0.0	9.0	0.0	0.0	0.0	0.0
71506f0f067f3a71ace2b22a283fe88a	0.0	0.0	0.0	0.0	14.0	0.0	0.0	0.0	0.0
70965d5f05340afbaf0af5ec57df17f2	0.0	0.0	0.0	0.0	11.0	0.0	0.0	0.0	0.0
94b2ebe19afd59168a249d1caeab7f31	0.0	0.0	0.0	0.0	4.0	0.0	0.0	8.0	0.0
3ae5190d09bd93dc393d439d71e6a85f	0.0	0.0	0.0	0.0	0.0	13.0	0.0	0.0	0.0
00f550e2b4cb5b23986f8b54fcf54f48	0.0	0.0	0.0	0.0	0.0	22.0	0.0	0.0	0.0
8180b723365597482bd225d8a119452d	0.0	0.0	0.0	0.0	0.0	0.0	17.0	0.0	0.0
262da4c01b9e4fc054fce3ec2ffd9f12	0.0	0.0	0.0	0.0	0.0	0.0	16.0	0.0	0.0
fc2d27cf412165cfd176a7f4aac939ca	0.0	0.0	0.0	0.0	0.0	0.0	0.0	13.0	0.0
024ac8522d96399bce2a5eaadb55da39	0.0	0.0	0.0	0.0	0.0	0.0	0.0	15.0	0.0
82fee2c3d2a9b82e6fa0afd716e19543	0.0	0.0	0.0	0.0	0.0	0.0	0.0	0.0	21.0
25937419c82d0d518b2274b60e3b0396	0.0	0.0	0.0	0.0	0.0	0.0	0.0	0.0	18.0
fe92b2bcce5ffa41f0ffcb9ea68a43a7	0.0	0.0	0.0	0.0	0.0	0.0	0.0	0.0	20.0
e20d258ce2a26d8a1371c37164aa4bb0	0.0	0.0	0.0	0.0	0.0	0.0	0.0	0.0	19.0
7b9f9486983f7aef01f5177d217c3387	0.0	27.0	0.0	0.0	0.0	0.0	0.0	0.0	0.0
a5f9764f3b86c4e4ad5ab78f49b992ee	0.0	27.0	0.0	0.0	0.0	0.0	0.0	0.0	0.0
91463dcf4762279a23d57448cee0ff25	0.0	0.0	0.0	11.0	0.0	0.0	0.0	0.0	0.0
ea6e3500a3bdd694b3dbd564af95013d	0.0	0.0	0.0	10.0	0.0	0.0	0.0	0.0	0.0
bf3ae120b69f20c7dcfb34820bf9a42f	0.0	0.0	0.0	4.0	0.0	0.0	0.0	0.0	9.0
9f2e20c8a623d210ce6a0567c85d8f17	0.0	0.0	0.0	0.0	0.0	13.0	0.0	0.0	0.0
bf5f9a6351cd5a0138ad59e6e034033c	0.0	0.0	0.0	0.0	0.0	15.0	0.0	0.0	0.0
a1d83e4cc16d63a54e27cbcb03a18951	0.0	0.0	0.0	0.0	0.0	0.0	20.0	0.0	0.0
985b98a8d0cf3cfd2e94ba3626b461fb	0.0	0.0	0.0	0.0	0.0	0.0	15.0	0.0	0.0
205d83bcfa1cd171c87b436a87410272	0.0	0.0	0.0	0.0	0.0	0.0	0.0	15.0	0.0
e856d24bdd753e3b7f2e55f469684c30	0.0	0.0	0.0	0.0	0.0	0.0	0.0	0.0	18.0
3719143f5b196993b3f74a0453e747c1	0.0	0.0	0.0	0.0	0.0	0.0	0.0	0.0	17.0
32d7c8d13cc7c948c0119598e0203e5d	23.0	0.0	0.0	0.0	0.0	0.0	0.0	0.0	0.0
bc2338367d3e0eed8a0e5b894e5e6a28	22.0	0.0	0.0	0.0	0.0	0.0	0.0	0.0	0.0
51abe5c5accd872cc6392f1461b6fe38	6.0	0.0	0.0	0.0	0.0	0.0	0.0	13.0	0.0
cc6791dca27ad95631e05089d335f81b	0.0	23.0	0.0	0.0	0.0	0.0	0.0	0.0	0.0
3cd82689e6eba7317f3f80e97002f4ba	0.0	0.0	12.0	0.0	0.0	0.0	0.0	0.0	0.0
1912d0935ffdfb0f25c840da0554cc6c	0.0	0.0	0.0	13.0	0.0	0.0	0.0	0.0	0.0
1833423ee6fa8c271be322172fb10db9	0.0	0.0	0.0	0.0	10.0	0.0	0.0	0.0	0.0
f5a3366e27a338b468ad9ba88fb08fd0	0.0	0.0	0.0	0.0	12.0	0.0	0.0	0.0	0.0
39aa7225b010d64f5566ec47bb763726	0.0	0.0	0.0	0.0	0.0	13.0	0.0	0.0	0.0
82f17b7f46f6e01568a56bffdf644a89	0.0	0.0	0.0	0.0	0.0	0.0	12.0	0.0	0.0
220190ec1680d4e4fb11ebac2bc564fb	0.0	0.0	0.0	0.0	0.0	0.0	18.0	0.0	0.0
0e7c73e393cd8c4c13334c23193e0ae0	0.0	0.0	0.0	0.0	0.0	0.0	0.0	0.0	18.0
fce0f6896aec2f12b885acbcf6dc8012	0.0	0.0	0.0	0.0	0.0	0.0	0.0	0.0	17.0
5752b68341efc6465ee47edd74330944	0.0	0.0	0.0	0.0	0.0	0.0	0.0	0.0	13.0
cc542823c0330134ac2eb13884c98a06	19.0	0.0	0.0	0.0	0.0	0.0	0.0	0.0	0.0
4c313c204ecf34c5264ae32c58bd0735	18.0	0.0	0.0	0.0	0.0	0.0	0.0	0.0	0.0
089ede83e95bcc56863b8b8e5fc8e42a	22.0	0.0	0.0	0.0	0.0	0.0	0.0	0.0	0.0
8ab546ab199eabbc2862f4173428a277	0.0	25.0	0.0	0.0	0.0	0.0	0.0	0.0	0.0
514c5fbb834f95b83e4b856d8e2b82c9	0.0	0.0	14.0	0.0	0.0	0.0	0.0	0.0	0.0
6ab0785d514245c47f69ebb2603eb489	0.0	0.0	0.0	7.0	0.0	0.0	0.0	0.0	0.0
545ea27ffee01984e7cd6f4d45ded974	0.0	0.0	0.0	0.0	11.0	0.0	0.0	0.0	0.0
b82d653ff9f7b4391c3e5247663c79ab	0.0	0.0	0.0	0.0	13.0	0.0	0.0	0.0	0.0
8349c31be548e86f17c60480f115b073	0.0	0.0	0.0	0.0	13.0	0.0	0.0	0.0	0.0
aa398786fdae2c39a9fc237617c87d57	0.0	0.0	0.0	0.0	0.0	16.0	0.0	0.0	0.0
0c38946c656c7bd4cbeb017e97c53bfb	0.0	0.0	0.0	0.0	0.0	14.0	0.0	0.0	0.0
780c1068312a867c4b5cccbc8a36260a	0.0	0.0	0.0	0.0	0.0	17.0	0.0	0.0	0.0
81ac33a869b589878a6f7e5fb849fb3e	0.0	0.0	0.0	0.0	0.0	0.0	10.0	0.0	0.0
91b54506f9aa8a5f1c7ff4af5a545f6c	0.0	0.0	0.0	0.0	0.0	0.0	13.0	0.0	0.0
ea63b0d974f2e4af369b1cabb773baff	0.0	0.0	0.0	0.0	0.0	0.0	16.0	0.0	0.0
a61867fc765fc8c30e736c211b810ff2	0.0	0.0	0.0	0.0	0.0	0.0	0.0	14.0	0.0
b541fd53554e6ed88c2ed50a7a4265ef	0.0	0.0	0.0	0.0	0.0	0.0	0.0	0.0	18.0
5e451ad03491e9868c45c7198de0d517	16.0	0.0	0.0	0.0	0.0	0.0	0.0	0.0	0.0
5675cf380b4a63d26763cac77a10ad21	0.0	0.0	18.0	0.0	0.0	0.0	0.0	0.0	0.0
2a4914b76f9d82aee56a1be816084a22	0.0	0.0	15.0	0.0	0.0	0.0	0.0	0.0	0.0
7de3010a76a9637e55a37365a324f3b1	0.0	0.0	12.0	0.0	0.0	0.0	0.0	0.0	0.0
bc87dbfe1417f8f53e3808d7b2f08e6d	0.0	0.0	9.0	0.0	0.0	0.0	0.0	0.0	0.0
01ff98c771cbba754b89c6435d693bae	0.0	0.0	15.0	0.0	0.0	0.0	0.0	0.0	0.0
6d49a7c077f0548c01e223616ece8a25	0.0	0.0	13.0	0.0	0.0	0.0	0.0	0.0	0.0
2871078d71fd95e5ba79c4cdd53acd47	0.0	0.0	0.0	10.0	0.0	0.0	0.0	0.0	0.0
0380896dddedcbe23c23e53188cfdcf8	0.0	0.0	0.0	0.0	15.0	0.0	0.0	0.0	0.0
9cb120101e55f8fac7bcc9f3679096cc	0.0	0.0	0.0	0.0	9.0	0.0	0.0	0.0	0.0
3cd9de12f3568e7279557a316f3a457a	0.0	0.0	0.0	0.0	12.0	0.0	0.0	0.0	0.0
d61caad7acb334956ca0451ff68c1c05	0.0	0.0	0.0	0.0	4.0	0.0	0.0	6.0	0.0
dc1dea01021f41abd65d84303eec9d69	0.0	0.0	0.0	0.0	0.0	9.0	0.0	0.0	0.0
7a35b96b7eeb6194bfb1bd4013957298	0.0	0.0	0.0	0.0	0.0	0.0	14.0	0.0	0.0
d8b0e28eb95efbb27f90a4899b145d40	0.0	0.0	0.0	0.0	0.0	0.0	0.0	10.0	0.0
1702645002137fa519d51be0d2120109	0.0	0.0	0.0	0.0	0.0	0.0	0.0	10.0	0.0
f743858f976ddd1df5855d7f6586332e	0.0	0.0	0.0	0.0	0.0	0.0	0.0	3.0	8.0
606995cff948d040fda80e4eb743eee5	0.0	0.0	0.0	0.0	0.0	0.0	0.0	0.0	15.0
30ef43d502bb4c39c715b42c6891da49	0.0	0.0	0.0	0.0	0.0	0.0	0.0	0.0	20.0
00dc48811f4004e8cc35e4284ff68e3d	20.0	0.0	0.0	0.0	0.0	0.0	0.0	0.0	0.0
7f7f6b4cfc387f1603624ceb4fea3e13	20.0	0.0	0.0	0.0	0.0	0.0	0.0	0.0	0.0
9a5a8caa354f7983b4af50c7780db24e	0.0	22.0	0.0	0.0	0.0	0.0	0.0	0.0	0.0
2268584129a18c29911602fc874d3d64	0.0	22.0	0.0	0.0	0.0	0.0	0.0	0.0	0.0
bb3527e04e2584e996e8bb9f4661ad74	0.0	0.0	14.0	0.0	0.0	0.0	0.0	0.0	0.0
60e8fc2cda7309253118269ae0bbc637	0.0	0.0	0.0	8.0	0.0	0.0	0.0	0.0	0.0
740eb76a52e5c04cb4b13821ec695901	0.0	0.0	0.0	0.0	10.0	0.0	0.0	0.0	0.0
f925987b8f1df2632913338ba04a7c9e	0.0	0.0	0.0	0.0	15.0	0.0	0.0	0.0	0.0
12c3b95da19ab0f753eb9872362de761	0.0	0.0	0.0	0.0	0.0	8.0	0.0	0.0	0.0
2f702202f018e285073dac64b52b45e3	0.0	0.0	0.0	0.0	0.0	13.0	0.0	0.0	0.0
15078f935ee69b8c819ca95ce72ce2d9	0.0	0.0	0.0	0.0	0.0	6.0	0.0	0.0	0.0
3789c2d0dcfe9dbb29dc1a873967421a	0.0	0.0	0.0	0.0	0.0	0.0	14.0	0.0	0.0
f7f424fabcf97a49b818eda854628cd4	0.0	0.0	0.0	0.0	0.0	0.0	0.0	14.0	0.0
46f858ce176ea9a024be24bb9f64b8c3	0.0	0.0	0.0	0.0	0.0	0.0	0.0	0.0	20.0
0c0626f2167f15e842ce1b2ecd83790a	0.0	0.0	0.0	0.0	0.0	0.0	0.0	0.0	14.0
20169093b321f21293a7edafa8371cf2	0.0	0.0	0.0	0.0	0.0	0.0	0.0	0.0	20.0
b965aad0819b1dcecb7fc481787511c3	22.0	0.0	0.0	0.0	0.0	0.0	0.0	0.0	0.0
d49ba28acf89f8a4ed1245c818fc54f0	15.0	0.0	0.0	0.0	0.0	0.0	0.0	0.0	0.0
f2600ff58c934fa6dfc117b7948e3afa	0.0	22.0	0.0	0.0	0.0	0.0	0.0	0.0	0.0
3caa906b16a5e0ce287fbf2521c2b5f9	0.0	21.0	0.0	0.0	0.0	0.0	0.0	0.0	0.0
c7eb3e6356387dbad6f7ea91dd5a0cd2	0.0	21.0	0.0	0.0	0.0	0.0	0.0	0.0	0.0
3ed50334a21675e5cda33b863d54868f	0.0	0.0	14.0	0.0	0.0	0.0	0.0	0.0	0.0
1b2799d7cec3c2618917c3c0ba8c8013	0.0	0.0	12.0	0.0	0.0	0.0	0.0	0.0	0.0
f41c4127889cfdb29363df6b588b1a69	0.0	0.0	15.0	0.0	0.0	0.0	0.0	0.0	0.0
4b67a74d1c16b7ef905e042a39372179	0.0	0.0	0.0	11.0	0.0	0.0	0.0	0.0	0.0
ae36e2d0f0202db09ee34e9353c90de0	0.0	0.0	0.0	0.0	12.0	0.0	0.0	0.0	0.0
f3affb4d5cf08dd29fe26410bd1e019e	0.0	0.0	0.0	0.0	11.0	0.0	0.0	0.0	0.0
8023a921e2c78d4cc7f2d8932e514851	0.0	0.0	0.0	0.0	8.0	0.0	0.0	0.0	0.0
d818b1fb20187a451d43fac656ca824e	0.0	0.0	0.0	0.0	0.0	10.0	0.0	0.0	0.0
690834206baa54e03bfcf50d728f2ef2	0.0	0.0	0.0	0.0	0.0	0.0	14.0	0.0	0.0
b26510340411832eac98c304862e5374	0.0	0.0	0.0	0.0	0.0	0.0	0.0	10.0	0.0
6ae81abd63a72cd51a7a5d80cb9ba5b5	0.0	0.0	0.0	0.0	0.0	0.0	0.0	11.0	0.0
9d93966ae7492d4db63c8398d829b139	0.0	0.0	0.0	0.0	0.0	0.0	0.0	14.0	0.0
2d14c3c697649ddf1c671458454723c1	0.0	0.0	0.0	0.0	0.0	0.0	0.0	10.0	0.0
c12bf9932029e34d7d7746625d430b18	0.0	0.0	0.0	0.0	0.0	0.0	0.0	0.0	16.0
618ab76ded66027118fc7b4fdb5b764e	0.0	0.0	0.0	0.0	0.0	0.0	0.0	0.0	14.0
877f8c370b173eed938b216d550660ff	19.0	0.0	0.0	0.0	0.0	0.0	0.0	0.0	0.0
7cc135262e57d708db406f22566b120d	17.0	0.0	0.0	0.0	0.0	0.0	0.0	0.0	0.0
9d41f1f056c65b8aa471565ad86be4b2	6.0	0.0	0.0	0.0	0.0	7.0	0.0	0.0	0.0
8670d5530a0be4d2373730e9f4247600	0.0	20.0	0.0	0.0	0.0	0.0	0.0	0.0	0.0
d5620a48f57dc547ee7fbeb170185e6c	0.0	0.0	16.0	0.0	0.0	0.0	0.0	0.0	0.0
fd20fa04ca0156903668183b895bc182	0.0	0.0	9.0	0.0	0.0	0.0	0.0	0.0	0.0
bc7493a65e779a0dfa20a9988fbb14e6	0.0	0.0	0.0	9.0	0.0	0.0	0.0	0.0	0.0
a9892ea9060b52f02f1df1f6b7fb1915	0.0	0.0	0.0	0.0	11.0	0.0	0.0	0.0	0.0
5172c74556c90126a667f94daa8e26f5	0.0	0.0	0.0	0.0	7.0	0.0	0.0	0.0	0.0
917f54da53b9c2cc14707d8b3edec57c	0.0	0.0	0.0	0.0	7.0	0.0	0.0	0.0	0.0
ceb1a55f0259aa3c57ed8ab5debbad8c	0.0	0.0	0.0	0.0	0.0	10.0	0.0	0.0	0.0
0a5ffca61b69b0e3c55aff64264c86bd	0.0	0.0	0.0	0.0	0.0	0.0	0.0	11.0	0.0
e5d27e67ecc626aea115db9e097d810b	0.0	0.0	0.0	0.0	0.0	0.0	0.0	11.0	0.0
8949785a7b4f01d97dac6c950fca7cc4	0.0	0.0	0.0	0.0	0.0	0.0	0.0	0.0	13.0
f0a477e6b93ab74ca156f53f093baa48	0.0	0.0	0.0	0.0	0.0	0.0	0.0	0.0	15.0
14de5552acd2dffdadeb811403dbef1e	0.0	0.0	0.0	0.0	0.0	0.0	0.0	0.0	16.0
ebf6e14a922318b1987861267808ac46	17.0	0.0	0.0	0.0	0.0	0.0	0.0	0.0	0.0
1580e39d971392b96b81d8e2d783059a	12.0	0.0	0.0	0.0	0.0	0.0	0.0	0.0	0.0
37e2679799e00ad2c3e96f2986618bda	0.0	19.0	0.0	0.0	0.0	0.0	0.0	0.0	0.0
de7bab3064b7eeaa6b54bb820bcd34c4	0.0	19.0	0.0	0.0	0.0	0.0	0.0	0.0	0.0
02a3cb7b7d3bb0566517bd96e7e698b7	0.0	20.0	0.0	0.0	0.0	0.0	0.0	0.0	0.0
4c91dbb79931cbc2afde33b6217de214	0.0	19.0	0.0	0.0	0.0	0.0	0.0	0.0	0.0
ce8486e5765abaf4019ba52c6aef3686	0.0	0.0	11.0	0.0	0.0	0.0	0.0	0.0	0.0
b4e1f3d987356b345fb23cb0acf51491	0.0	0.0	0.0	8.0	0.0	0.0	0.0	0.0	0.0
d4189fe8b541d1d8591b725d6110b81a	0.0	0.0	0.0	0.0	11.0	0.0	0.0	0.0	0.0
e38696bdc0b33c2d7e6803e23e81ea06	0.0	0.0	0.0	0.0	0.0	10.0	0.0	0.0	0.0
4b0bd8b59ed55329c17c57e414b624d0	0.0	0.0	0.0	0.0	0.0	6.0	0.0	0.0	0.0
3f02e1c74b4aa70b8d950473872e519d	0.0	0.0	0.0	0.0	0.0	0.0	0.0	12.0	0.0
1615aa974d9f97ffa70d270be5fc89bf	0.0	0.0	0.0	0.0	0.0	0.0	0.0	12.0	0.0
c2a95684e006e0850da91e081268fd3d	0.0	0.0	0.0	0.0	0.0	0.0	0.0	0.0	12.0
05fc81219b956f4448cfe1623f6a89e9	0.0	19.0	0.0	0.0	0.0	0.0	0.0	0.0	0.0
a31d33d7d59abdf01e0d234052c3f7fc	0.0	19.0	0.0	0.0	0.0	0.0	0.0	0.0	0.0
81c4b5980ae47f22e7ec23bc64635991	0.0	0.0	13.0	0.0	0.0	0.0	0.0	0.0	0.0
bb60b6e6b5c4b025e3f77544f14084de	0.0	0.0	12.0	0.0	0.0	0.0	0.0	0.0	0.0
b0bb5d84db597fc36ceca481e56d3ebb	0.0	0.0	13.0	0.0	0.0	0.0	0.0	0.0	0.0
1cda8eb4ce18188f34d5b5054078cb04	0.0	0.0	11.0	0.0	0.0	0.0	0.0	0.0	0.0
cf3a192158b30253558e5b953d0c2819	0.0	0.0	0.0	7.0	0.0	0.0	0.0	0.0	0.0
a8b6c6ba98db1e1b56de26d076cfabaf	0.0	0.0	0.0	10.0	0.0	0.0	0.0	0.0	0.0
eceaf6b475efa9a9b4209270ba2885cc	0.0	0.0	0.0	1.0	0.0	6.0	0.0	0.0	0.0
6964998bf6cecfb518057b50b4a60245	0.0	0.0	0.0	0.0	9.0	0.0	0.0	0.0	0.0
d034f022c6198029c8caec8276e438a6	0.0	0.0	0.0	0.0	11.0	0.0	0.0	0.0	0.0
4b69f25240caa3cfd48c2c05b42af159	0.0	0.0	0.0	0.0	9.0	0.0	0.0	0.0	0.0
412fbffd75c62cc33f3a6c4e7eb484f2	0.0	0.0	0.0	0.0	5.0	0.0	0.0	0.0	0.0
dc8bc8ca0131535d2adccc90f4470b1e	0.0	0.0	0.0	0.0	0.0	16.0	0.0	0.0	0.0
45fad6bfd6ed88bfe1f097db40c8752c	0.0	0.0	0.0	0.0	0.0	13.0	0.0	0.0	0.0
d130f94b4b8abd970b7ce3ac6777938d	0.0	0.0	0.0	0.0	0.0	11.0	0.0	0.0	0.0
fd5bca1ea3f05badbff2465360260692	0.0	0.0	0.0	0.0	0.0	0.0	9.0	0.0	0.0
51ad34e8c598f8d533b79208c976781b	0.0	0.0	0.0	0.0	0.0	0.0	13.0	0.0	0.0
8b73351e77f0c2f4f71a2cc58343966e	0.0	0.0	0.0	0.0	0.0	0.0	12.0	0.0	0.0
1bb9488f7ca9fd5cae5a664cd5c1701e	0.0	0.0	0.0	0.0	0.0	0.0	0.0	8.0	0.0
814b3898596160bbc7d6ca2594e53753	0.0	0.0	0.0	0.0	0.0	0.0	0.0	8.0	0.0
05f2d48486b916861bb6770d4c5f0ec2	0.0	0.0	0.0	0.0	0.0	0.0	0.0	0.0	15.0
566083aab8f6d002be9ef41848ac14fd	0.0	0.0	0.0	0.0	0.0	0.0	0.0	0.0	13.0
c61643e9d4d32c1bf285abba88b3ce96	0.0	0.0	0.0	0.0	0.0	0.0	0.0	0.0	16.0
94ad486ac0142262bbf513e58f97a77c	0.0	0.0	0.0	0.0	0.0	0.0	0.0	0.0	9.0
99a325f4eb1167b71182e1fe59ba1f4e	12.0	0.0	0.0	0.0	0.0	0.0	0.0	0.0	0.0
25bcfd41e68dcf2038096034422f85be	0.0	17.0	0.0	0.0	0.0	0.0	0.0	0.0	0.0
ea0841a8ed683a8c9e31bda4d6605700	0.0	17.0	0.0	0.0	0.0	0.0	0.0	0.0	0.0
c0c5df055d7b5055079834cb92e59974	0.0	17.0	0.0	0.0	0.0	0.0	0.0	0.0	0.0
b3e87ae9e28a8e54cc7a1fb7ebfc70af	0.0	18.0	0.0	0.0	0.0	0.0	0.0	0.0	0.0
9e60bd8285bd61dae1212b76771c7aa6	0.0	18.0	0.0	0.0	0.0	0.0	0.0	0.0	0.0
de2565c818d69305c8343cf587e647c8	0.0	18.0	0.0	0.0	0.0	0.0	0.0	0.0	0.0
ce76841516182ef0c5b035efc2ee0980	0.0	17.0	0.0	0.0	0.0	0.0	0.0	0.0	0.0
daf75fc472f0e8d2e4baac7fa9aa1195	0.0	0.0	9.0	0.0	0.0	0.0	0.0	0.0	0.0
65b72994bd6d129c7aa97b7973aa4f4d	0.0	0.0	8.0	0.0	0.0	0.0	0.0	0.0	0.0
0505c6d20d0a39d042ff0873570defa7	0.0	0.0	0.0	9.0	0.0	0.0	0.0	0.0	0.0
e7bc0f9ff758acc6ce1803e1028a50c9	0.0	0.0	0.0	7.0	0.0	0.0	0.0	0.0	0.0
d35645c7f02d9ace0ff25f40436cba36	0.0	0.0	0.0	9.0	0.0	0.0	0.0	0.0	0.0
b328ab1a5f809b47cfe59208478d038a	0.0	0.0	0.0	0.0	11.0	0.0	0.0	0.0	0.0
c50897ee832dddac5551bb3865da9766	0.0	0.0	0.0	0.0	6.0	0.0	0.0	0.0	0.0
ce2153bd001b7ec804c8c606f8d95203	0.0	0.0	0.0	0.0	6.0	0.0	0.0	0.0	0.0
1ea760571c7cab79ffd28bedf46c1030	0.0	0.0	0.0	0.0	0.0	7.0	0.0	0.0	0.0
a5517f48c1c3f22d5ca14ccd8b730bd8	0.0	0.0	0.0	0.0	0.0	5.0	0.0	0.0	0.0
9d5fdc0041d7e6713a75620bac4a3c35	0.0	0.0	0.0	0.0	0.0	11.0	0.0	0.0	0.0
3ac7b0994aaa1b57b13e65aecf181f7c	0.0	0.0	0.0	0.0	0.0	0.0	0.0	11.0	0.0
8e28c7eb082ffa795462a639ffa13753	0.0	0.0	0.0	0.0	0.0	0.0	0.0	7.0	0.0
673609f00ea028d831c8d94d1a67dd84	0.0	0.0	0.0	0.0	0.0	0.0	0.0	11.0	0.0
b52e28e19b269b22c361c269f8adf542	0.0	0.0	0.0	0.0	0.0	0.0	0.0	6.0	0.0
d63491ca92e4bd1b49a73cc66180cd04	0.0	0.0	0.0	0.0	0.0	0.0	0.0	0.0	11.0
dc7afe1ed40a1e7dd88dbd6eacb54ce4	0.0	0.0	0.0	0.0	0.0	0.0	0.0	0.0	13.0
b8f81b511f89a1f5f3a8a9cec2a2abc4	0.0	0.0	0.0	0.0	0.0	0.0	0.0	0.0	9.0
8616f8cb9808fbbbc9b1d07b8b522469	0.0	17.0	0.0	0.0	0.0	0.0	0.0	0.0	0.0
f5efe10fa3cd67cec1e247ae6e8f6684	0.0	0.0	6.0	0.0	0.0	0.0	0.0	0.0	0.0
3db86895ff6a7f75bbe6b89c67000473	0.0	0.0	12.0	0.0	0.0	0.0	0.0	0.0	0.0
fc8a81754f2b68e073936002cb86db69	0.0	0.0	10.0	0.0	0.0	0.0	0.0	0.0	0.0
a80b70bbbb47821fe234634d352443d0	0.0	0.0	0.0	7.0	0.0	0.0	0.0	0.0	0.0
a437049628e1949980fc8f7315f6c485	0.0	0.0	0.0	5.0	0.0	0.0	3.0	0.0	0.0
4616d159184d61e17630989fbe0a9b73	0.0	0.0	0.0	0.0	5.0	0.0	0.0	0.0	0.0
0b0ead0aa5c29d696a9e655542658253	0.0	0.0	0.0	0.0	8.0	0.0	0.0	0.0	0.0
37236f4fbca7f363b77af42cc82744f6	0.0	0.0	0.0	0.0	10.0	0.0	0.0	0.0	0.0
17c8b09c6aaaa7b860cc3d30a761571b	0.0	0.0	0.0	0.0	0.0	8.0	0.0	0.0	0.0
33f6be8501a3c1172e7d9d39637a4890	0.0	0.0	0.0	0.0	0.0	9.0	0.0	0.0	0.0
2c0a5f577be6deb2081b5cb5f38a9535	0.0	0.0	0.0	0.0	0.0	5.0	0.0	0.0	0.0
ffba24dc7c3e20c0c90c2aea7756be3c	0.0	0.0	0.0	0.0	0.0	0.0	7.0	0.0	0.0
6a76795f276931437d8a629a8a88a5fb	0.0	0.0	0.0	0.0	0.0	0.0	14.0	0.0	0.0
22f62f0072e4ecf1c11df129290d165e	0.0	0.0	0.0	0.0	0.0	0.0	8.0	0.0	0.0
877b3bce8bb171bde832e2a01ca5be40	0.0	0.0	0.0	0.0	0.0	0.0	0.0	11.0	0.0
052769bb78a03ac5216861e07e4f5c61	0.0	0.0	0.0	0.0	0.0	0.0	0.0	9.0	0.0
650818ad162cfc40eefe01f0c4a9e971	0.0	0.0	0.0	0.0	0.0	0.0	0.0	8.0	0.0
4806dc8b841c4863b8614401b35e079b	0.0	0.0	0.0	0.0	0.0	0.0	0.0	0.0	12.0
23f7430345500efede4621a2f0ba2333	0.0	15.0	0.0	0.0	0.0	0.0	0.0	0.0	0.0
2a02b71e8660d3fedd913025e4d72366	0.0	16.0	0.0	0.0	0.0	0.0	0.0	0.0	0.0
0e24f45393819e32252175a9cdfd1288	0.0	0.0	8.0	0.0	0.0	0.0	0.0	0.0	0.0
8a331bc5b7c4dff5996465b267ca6c05	0.0	0.0	8.0	0.0	0.0	0.0	0.0	0.0	0.0
646e206c1c1e0e027fc3b304b4c4c0fd	0.0	0.0	8.0	0.0	0.0	0.0	0.0	0.0	0.0
cca8c41dec77a06281fab149227d1402	0.0	0.0	11.0	0.0	0.0	0.0	0.0	0.0	0.0
95fec243e316f24bbda8bae200dae025	0.0	0.0	8.0	0.0	0.0	0.0	0.0	0.0	0.0
eeee8891d7be8cddeb590fa0872c4054	0.0	0.0	0.0	5.0	0.0	0.0	0.0	0.0	0.0
d9974647cb05d2d24f52294e842eb5be	0.0	0.0	0.0	6.0	0.0	0.0	0.0	0.0	0.0
c5a5e3f5780c3cb213d9d1cfe332532e	0.0	0.0	0.0	0.0	6.0	0.0	0.0	0.0	0.0
7fd4fbd1f7ac96b4bf7b7e50e252ffec	0.0	0.0	0.0	0.0	0.0	8.0	0.0	0.0	0.0
113dc8e8539c82d937501e51d20b76c1	0.0	0.0	0.0	0.0	0.0	0.0	7.0	0.0	0.0
2ad7d21ad755ff43ff448577dfb4cf6f	0.0	0.0	0.0	0.0	0.0	0.0	11.0	0.0	0.0
ffbef2d1e6fa972459eace7465f79d26	0.0	0.0	0.0	0.0	0.0	0.0	0.0	7.0	0.0
76985f850dca3c0cb005d1b88f128f60	0.0	0.0	0.0	0.0	0.0	0.0	0.0	12.0	0.0
5bee6e19d2d070e3912bb13d2581ed62	0.0	0.0	0.0	0.0	0.0	0.0	0.0	7.0	0.0
eb81d61e6b3e3335f9ecd870a71e8f24	0.0	0.0	0.0	0.0	0.0	0.0	0.0	8.0	0.0
b5ae361ecd428e52982f9cf57e77fced	0.0	0.0	0.0	0.0	0.0	0.0	0.0	0.0	8.0
bf5e7790b98c59aa00dad5c0a7c8deac	0.0	0.0	0.0	0.0	0.0	0.0	0.0	0.0	13.0
29c3de292776a82e17219c5cd3796a4d	0.0	0.0	0.0	0.0	0.0	0.0	0.0	0.0	13.0
45ef4c68edd5b2ce10753ee3293dc75e	13.0	0.0	0.0	0.0	0.0	0.0	0.0	0.0	0.0
8d728a873fafef2271eebec39f65eb44	14.0	0.0	0.0	0.0	0.0	0.0	0.0	0.0	0.0
80b7a8dbf741e2da58919a2028e8ed92	13.0	0.0	0.0	0.0	0.0	0.0	0.0	0.0	0.0
9ff1da28e25b38256216d04e2c8d3949	10.0	0.0	0.0	0.0	0.0	0.0	0.0	0.0	0.0
79267c4161c289b3b4988de3921d734f	0.0	15.0	0.0	0.0	0.0	0.0	0.0	0.0	0.0
67a94edb5dc5341e39b6b24f803d108c	0.0	15.0	0.0	0.0	0.0	0.0	0.0	0.0	0.0
dd92884dd973a834ec65bc63fcc363ac	0.0	0.0	7.0	0.0	0.0	0.0	0.0	0.0	0.0
8976092f5900d9e8b4cf4493a8f26704	0.0	0.0	9.0	0.0	0.0	0.0	0.0	0.0	0.0
fdc7b162174386ac67a8f58d66265c50	0.0	0.0	0.0	11.0	0.0	0.0	0.0	0.0	0.0
4b839f7f9eba62ebe769570970712b6b	0.0	0.0	0.0	9.0	0.0	0.0	0.0	0.0	0.0
287c09cab7e825ab9721e3fd3826e38e	0.0	0.0	0.0	6.0	0.0	0.0	0.0	0.0	0.0
1f8bc34feba5e088ec87b2c4483acb8d	0.0	0.0	0.0	0.0	5.0	0.0	0.0	2.0	0.0
f2e6ef386f3896b8401af029bb7bb48f	0.0	0.0	0.0	0.0	0.0	6.0	0.0	0.0	0.0
c3e8c69952120857bda7c3537ec57c8d	0.0	0.0	0.0	0.0	0.0	7.0	0.0	0.0	0.0
cfb65c197b435af294c02b53244c568e	0.0	0.0	0.0	0.0	0.0	7.0	0.0	0.0	0.0
20f157c5593b4a6f84f712525e9246f5	0.0	0.0	0.0	0.0	0.0	6.0	0.0	0.0	0.0
7889260b04a950e797324af49659cb73	0.0	0.0	0.0	0.0	0.0	9.0	0.0	0.0	0.0
c3e34c3b8443fa597d78240b0adc7d0c	0.0	0.0	0.0	0.0	0.0	10.0	0.0	0.0	0.0
b5ba228b14f8756884e224d813dadcfd	0.0	0.0	0.0	0.0	0.0	0.0	8.0	0.0	0.0
c52aa0b582ee9a2dfa7ca5b95707bdec	0.0	0.0	0.0	0.0	0.0	0.0	10.0	0.0	0.0
e49b47375b420685dd46e005943ec5cf	0.0	0.0	0.0	0.0	0.0	0.0	9.0	0.0	0.0
9e4508190b434d8d823bddfbc115de40	0.0	0.0	0.0	0.0	0.0	0.0	0.0	6.0	0.0
c3056a6eb6db2dbcc3a7e720e46f3005	0.0	0.0	0.0	0.0	0.0	0.0	0.0	8.0	0.0
5083b3b6249cd1a983fd1a4d26045b30	0.0	0.0	0.0	0.0	0.0	0.0	0.0	0.0	10.0
2fec6966b10fb0cd25d6d44785e6db0a	0.0	0.0	0.0	0.0	0.0	0.0	0.0	0.0	10.0
aaa955c30a72a296331d3cb84c1aca63	0.0	0.0	0.0	0.0	0.0	0.0	0.0	0.0	8.0
456db6a0535f6bbf93661084547a1dfa	0.0	13.0	0.0	0.0	0.0	0.0	0.0	0.0	0.0
5d9c93c4a827e88fe287d0499b241542	0.0	13.0	0.0	0.0	0.0	0.0	0.0	0.0	0.0
d306b58bed96912ee86ae5ad206c3613	0.0	14.0	0.0	0.0	0.0	0.0	0.0	0.0	0.0
95cbd0dee7febf14bb87623df5e84c3e	0.0	0.0	6.0	0.0	0.0	0.0	0.0	0.0	0.0
23bb66de284a9c9a2d107053b186895a	0.0	0.0	5.0	0.0	0.0	0.0	0.0	0.0	0.0
87c513b49d52a7f4477065df07b6a8d4	0.0	0.0	4.0	0.0	0.0	0.0	0.0	0.0	0.0
1ab7bb21614c2645e9fabdbbacc17893	0.0	0.0	8.0	0.0	0.0	0.0	0.0	0.0	0.0
29893b842794228cd1501e7fcaa367cb	0.0	0.0	0.0	6.0	0.0	0.0	0.0	0.0	0.0
ac3c4c3c422d677fcc119835ef8f8dda	0.0	0.0	0.0	6.0	0.0	0.0	0.0	0.0	0.0
33a80b676f0f3c4549c535a531208031	0.0	0.0	0.0	0.0	7.0	0.0	0.0	0.0	0.0
6349c24e99497ffdb9e71d3709832b7e	0.0	0.0	0.0	0.0	6.0	0.0	0.0	0.0	0.0
e984508a77725d1021989accb397b0a2	0.0	0.0	0.0	0.0	5.0	0.0	0.0	0.0	0.0
fbaf9daecd00fad5401c8b4af81f0410	0.0	0.0	0.0	0.0	0.0	0.0	0.0	0.0	9.0
f1a98a39b7a553547a7d4e54ff3a9b7f	0.0	0.0	0.0	0.0	0.0	0.0	0.0	0.0	10.0
8d7cd2585eecd139d9c83f969bf99767	0.0	0.0	0.0	0.0	0.0	0.0	0.0	0.0	7.0
3297833718f794bf6abe8eccd931e589	0.0	0.0	0.0	0.0	0.0	0.0	0.0	0.0	12.0
fcb8d0761d4705a30c63bfcc38bb268f	0.0	0.0	0.0	0.0	0.0	0.0	0.0	0.0	10.0
e857350dff4c091fe53bb0e162aeb820	0.0	0.0	0.0	0.0	0.0	0.0	0.0	0.0	12.0
8c1df17b6bc675b25c01049824669d19	12.0	0.0	0.0	0.0	0.0	0.0	0.0	0.0	0.0
115f830045b31b7115e3ff42e3255c55	9.0	0.0	0.0	0.0	0.0	0.0	0.0	0.0	0.0
5e2bbe8091a84e7f5013cc3ba82d0df6	0.0	13.0	0.0	0.0	0.0	0.0	0.0	0.0	0.0
108f32e87e6f38b378c889f5241762c9	0.0	0.0	5.0	0.0	0.0	0.0	0.0	0.0	0.0
58503ae0ef9cd9f0036adb56049db6cb	0.0	0.0	7.0	0.0	0.0	0.0	0.0	0.0	0.0
19c48976f8b3ca9908fe69aa4e2d907c	0.0	0.0	5.0	0.0	0.0	0.0	0.0	0.0	0.0
dbcff1538bea25b2d6e9269b446cfb26	0.0	0.0	8.0	0.0	0.0	0.0	0.0	0.0	0.0
ad8fef1e1726a79982d830a80e844450	0.0	0.0	0.0	6.0	0.0	0.0	0.0	0.0	0.0
fdc6c346d90c1ba463969f8303cb53cc	0.0	0.0	0.0	4.0	0.0	0.0	0.0	0.0	0.0
7264e4d64361950eec22a940be88bc95	0.0	0.0	0.0	5.0	0.0	0.0	0.0	0.0	0.0
bf96e1ce0d4686ff231531a6af145fb4	0.0	0.0	0.0	2.0	0.0	0.0	0.0	0.0	0.0
45322e777c9639fb52065064d4b6447e	0.0	0.0	0.0	0.0	3.0	0.0	0.0	0.0	0.0
f56ccaded1c1b01486fde677a315d526	0.0	0.0	0.0	0.0	10.0	0.0	0.0	0.0	0.0
c3f99f6f5e9ba2fba9abaeab417a43f5	0.0	0.0	0.0	0.0	0.0	7.0	0.0	0.0	0.0
7e1be30eed16ec104fceecae8ffe8a06	0.0	0.0	0.0	0.0	0.0	6.0	0.0	0.0	0.0
4d697b4b4a4b62635fc9dc1a4553290f	0.0	0.0	0.0	0.0	0.0	0.0	8.0	0.0	0.0
bd7d330580b82524c0df16873f37befe	0.0	0.0	0.0	0.0	0.0	0.0	10.0	0.0	0.0
c9b7536f6ce7ff017dad57a11cd3904a	0.0	0.0	0.0	0.0	0.0	0.0	0.0	6.0	0.0
1eb1200dd8791f0280eae621b40ab6d1	0.0	0.0	0.0	0.0	0.0	0.0	0.0	6.0	0.0
9e898fba0163f118289b60e8fd8ff11f	0.0	0.0	0.0	0.0	0.0	0.0	0.0	5.0	0.0
0ad3c0e5f2846689899c9494248577b4	0.0	0.0	0.0	0.0	0.0	0.0	0.0	5.0	0.0
34da38cf5ee747c72a30eea0bf15595a	0.0	0.0	0.0	0.0	0.0	0.0	0.0	0.0	11.0
3745b7124ead06584e14b53d86a3aab4	0.0	0.0	0.0	0.0	0.0	0.0	0.0	0.0	9.0
b107f2046e9ca3586a84c5310b850fcb	0.0	0.0	0.0	0.0	0.0	0.0	0.0	0.0	8.0
43dffe08246005c75b0c81726a657654	10.0	0.0	0.0	0.0	0.0	0.0	0.0	0.0	0.0
dd31caef6d034ff9c2d0e8e69d49619a	9.0	0.0	0.0	0.0	0.0	0.0	0.0	0.0	0.0
3a6d1fc514e8c5534616cae4704c486d	0.0	11.0	0.0	0.0	0.0	0.0	0.0	0.0	0.0
ec8af6efa60898096aca89475af098d3	0.0	12.0	0.0	0.0	0.0	0.0	0.0	0.0	0.0
221834c128565a81fe6c71de1f43f31b	0.0	12.0	0.0	0.0	0.0	0.0	0.0	0.0	0.0
4ac1a181a41dafcfcf4a9519c41ea38b	0.0	11.0	0.0	0.0	0.0	0.0	0.0	0.0	0.0
49614f83664072527b29d1086940afa8	0.0	12.0	0.0	0.0	0.0	0.0	0.0	0.0	0.0
345522f6aa10cd2dca3045c9e0e86af3	0.0	0.0	6.0	0.0	0.0	0.0	0.0	0.0	0.0
3dc8124b07fcce6453c98f93f3a84f74	0.0	0.0	0.0	8.0	0.0	0.0	0.0	0.0	0.0
0fdf9df39ace217ea41667bb8267c1df	0.0	0.0	0.0	0.0	7.0	0.0	0.0	0.0	0.0
3de31d3964b77cdfa929a004b7ef4de8	0.0	0.0	0.0	0.0	7.0	0.0	0.0	0.0	0.0
1f3e02f9be9e8e42939e677cc057b3a7	0.0	0.0	0.0	0.0	0.0	4.0	0.0	0.0	0.0
7dcf62f09ae5eade43c4d6a0b0ff7f7c	0.0	0.0	0.0	0.0	0.0	2.0	0.0	0.0	0.0
683c40605fe0fccc2ac7f79038475322	0.0	0.0	0.0	0.0	0.0	5.0	0.0	0.0	0.0
581a3cd9eaa580bd01a8ff971a1462b1	0.0	0.0	0.0	0.0	0.0	6.0	0.0	0.0	0.0
7855c08103ba595d3bc1b14122bdf8df	0.0	0.0	0.0	0.0	0.0	4.0	0.0	0.0	0.0
35f8afaadd07f96ee9743936d4c98790	0.0	0.0	0.0	0.0	0.0	0.0	8.0	0.0	0.0
83f4eb2cf53c5adf747a4bbc2c22d4dc	0.0	0.0	0.0	0.0	0.0	0.0	7.0	0.0	0.0
8a13892f080b087ba6bd731d43080ddd	0.0	0.0	0.0	0.0	0.0	0.0	0.0	1.0	0.0
512797849d81e74d23953ec4d7599e89	0.0	0.0	0.0	0.0	0.0	0.0	0.0	8.0	0.0
bf432d791b1584f4a0b9bf66a894e2d5	0.0	0.0	0.0	0.0	0.0	0.0	0.0	7.0	0.0
e43e3efc8ba17d450146d075e70a85ba	0.0	0.0	0.0	0.0	0.0	0.0	0.0	0.0	8.0
821499a4985509ca5c925f7c42f6617b	0.0	0.0	0.0	0.0	0.0	0.0	0.0	0.0	10.0
2effe1b11eafc47d7afc4aa2bcd9a226	0.0	0.0	0.0	0.0	0.0	0.0	0.0	0.0	8.0
b212e5d9161f92127fd57e1f1b1fd862	0.0	0.0	0.0	0.0	0.0	0.0	0.0	0.0	10.0
e25749f2c8fd157558868af528b2fbb8	0.0	0.0	0.0	0.0	0.0	0.0	0.0	0.0	11.0
703caef614800c3f83eeaaada0135b6e	0.0	0.0	0.0	0.0	0.0	0.0	0.0	0.0	8.0
009f237fc2fc4117898fd19dfdf89d30	0.0	0.0	0.0	0.0	0.0	0.0	0.0	0.0	7.0
7339d9b16eba11ffd398b65c0a6b5391	9.0	0.0	0.0	0.0	0.0	0.0	0.0	0.0	0.0
b9c824d01e1c1513f1622f32ab2b42c0	0.0	10.0	0.0	0.0	0.0	0.0	0.0	0.0	0.0
85e12a46c348382aa7775c0ef408825b	0.0	10.0	0.0	0.0	0.0	0.0	0.0	0.0	0.0
f0e5c81767d91732b21412a091faa73d	0.0	0.0	7.0	0.0	0.0	0.0	0.0	0.0	0.0
c5b3814be71eeb2d7ea48477b5126bae	0.0	0.0	9.0	0.0	0.0	0.0	0.0	0.0	0.0
8b3720a0f4b4d6c9168f268b61fea949	0.0	0.0	8.0	0.0	0.0	0.0	0.0	0.0	0.0
4021626db940a04409f1d786004915c5	0.0	0.0	2.0	0.0	3.0	0.0	0.0	0.0	0.0
e41b2c0235564782c2a112f0ead304be	0.0	0.0	4.0	0.0	3.0	0.0	0.0	0.0	0.0
591aaf2f3f401da3f76b620d94f8e0d6	0.0	0.0	0.0	5.0	0.0	0.0	0.0	0.0	0.0
23c56f535fe71140e40213515df6968a	0.0	0.0	0.0	6.0	0.0	0.0	0.0	0.0	0.0
4afb8becc9ad797d044b9aa5835f6a9f	0.0	0.0	0.0	3.0	0.0	0.0	0.0	0.0	0.0
9c4bb67082572d0d88270d979cfd5eea	0.0	0.0	0.0	6.0	0.0	0.0	0.0	0.0	0.0
a8f2f4e521dc0d0ec2dd04938bae6686	0.0	0.0	0.0	0.0	4.0	0.0	0.0	0.0	0.0
39daf4ac7600d07433cff8a8493da0cc	0.0	0.0	0.0	0.0	4.0	0.0	0.0	0.0	0.0
e2821d3d3b152750fb544a202388c91f	0.0	0.0	0.0	0.0	6.0	0.0	0.0	0.0	0.0
5351e6a4a23c616bf13762f074e1235a	0.0	0.0	0.0	0.0	4.0	0.0	0.0	0.0	0.0
f94d111ebeba08e3d4034f61db56d7ec	0.0	0.0	0.0	0.0	3.0	0.0	0.0	0.0	0.0
c823476db0cf98349ab8947c213fdeea	0.0	0.0	0.0	0.0	0.0	7.0	0.0	0.0	0.0
e177ec9e82aa8a295a1b96cead3af95e	0.0	0.0	0.0	0.0	0.0	4.0	0.0	0.0	0.0
092583db5fa942e2b26cd2ddf0db5d07	0.0	0.0	0.0	0.0	0.0	10.0	0.0	0.0	0.0
4b50a3e563102a303b5fe631a8f6e31d	0.0	0.0	0.0	0.0	0.0	0.0	6.0	0.0	0.0
8a34e7c685af7b3d0bb255e16e001cca	0.0	0.0	0.0	0.0	0.0	0.0	4.0	0.0	0.0
e7e1a83bd9a5277ccf9788ea3842ad6d	0.0	0.0	0.0	0.0	0.0	0.0	4.0	0.0	0.0
ba4bad0fb6a601c819aa753aeca44f67	0.0	0.0	0.0	0.0	0.0	0.0	0.0	5.0	0.0
cb5ee39188db9dd41e8b01a7e7207972	0.0	0.0	0.0	0.0	0.0	0.0	0.0	5.0	0.0
29cc7ff4712d60c04347d5173d598da5	0.0	0.0	0.0	0.0	0.0	0.0	0.0	9.0	0.0
dd6e208d7eb4259be9cde083adcdd479	0.0	0.0	0.0	0.0	0.0	0.0	0.0	0.0	6.0
36c11ce9924ef3b708cced04a7cff645	0.0	0.0	0.0	0.0	0.0	0.0	0.0	0.0	8.0
61264169579bad91fbb71551dc56d15b	0.0	0.0	0.0	0.0	0.0	0.0	0.0	0.0	6.0
df145b4de26f16a967427f706024391f	0.0	0.0	0.0	0.0	0.0	0.0	0.0	0.0	4.0
aba11cb2d69faa06c89ff791d1d7bf10	0.0	0.0	0.0	0.0	0.0	0.0	0.0	0.0	7.0
8b64aac5ad583cb594a5617bea3ee378	0.0	0.0	0.0	0.0	0.0	0.0	0.0	0.0	6.0
e16ee9036cf4a09d7966a4724f4faa33	0.0	0.0	0.0	0.0	0.0	0.0	0.0	0.0	9.0
32b05e071cb2ceef22a54e38bf86add5	0.0	0.0	0.0	0.0	0.0	0.0	0.0	0.0	7.0
a57d74e19fddceb04dc985a6917e0812	0.0	0.0	0.0	0.0	0.0	0.0	0.0	0.0	8.0
14acc869969613a6ccf6e349a682973f	0.0	0.0	0.0	0.0	0.0	0.0	0.0	0.0	9.0
017bc51b68d4fff2e9ba7396eaaaf297	8.0	0.0	0.0	0.0	0.0	0.0	0.0	0.0	0.0
aa60d52fa4f2fc789dee61a013889466	8.0	0.0	0.0	0.0	0.0	0.0	0.0	0.0	0.0
402fc4118fce107e5e481ec4c5a884a0	9.0	0.0	0.0	0.0	0.0	0.0	0.0	0.0	0.0
1956585e801d6d80a1c12d4e52ca579e	10.0	0.0	0.0	0.0	0.0	0.0	0.0	0.0	0.0
b62252d451bfd2dd4a47e22bd3a4337e	0.0	9.0	0.0	0.0	0.0	0.0	0.0	0.0	0.0
a2cbc14ca62f8c74d7531833fa96aa45	0.0	10.0	0.0	0.0	0.0	0.0	0.0	0.0	0.0
9d7fa0ed085afd9ab8591ffc6fcff7f1	0.0	10.0	0.0	0.0	0.0	0.0	0.0	0.0	0.0
ce06622022d6fc9ac699b658f7a97efe	0.0	9.0	0.0	0.0	0.0	0.0	0.0	0.0	0.0
e915393a30d391fab85fd081b13a250e	0.0	10.0	0.0	0.0	0.0	0.0	0.0	0.0	0.0
69b68e0568ac1b54a3040bfdca6f4037	0.0	0.0	1.0	0.0	0.0	0.0	0.0	0.0	0.0
2200655ceeacfad6a580d65da7ba81af	0.0	0.0	5.0	0.0	0.0	0.0	0.0	0.0	0.0
88b8e0a8fcba11fb75d3a7e80a1185c3	0.0	0.0	4.0	0.0	0.0	0.0	0.0	0.0	0.0
f38b31f90c1b41bf2d8425bfe3cd9f41	0.0	0.0	0.0	3.0	0.0	0.0	0.0	0.0	0.0
8f332c3ffc21e9af5a099724b3f77153	0.0	0.0	0.0	5.0	0.0	0.0	0.0	0.0	0.0
3318aec2f3195ffac537636c28900da9	0.0	0.0	0.0	0.0	5.0	0.0	0.0	0.0	0.0
55d51d607b767c0fd6ebc8026b72793f	0.0	0.0	0.0	0.0	3.0	0.0	0.0	0.0	0.0
a0e0fd59f5c888b837d2adccb3307c96	0.0	0.0	0.0	0.0	0.0	4.0	0.0	0.0	0.0
4610ff3b362af7afee02d49469cd191b	0.0	0.0	0.0	0.0	0.0	4.0	0.0	0.0	0.0
823b2ff79d3d90d01166f2424518cd1e	0.0	0.0	0.0	0.0	0.0	4.0	0.0	0.0	0.0
9e9633fcb0797d254fd41cc77507fddd	0.0	0.0	0.0	0.0	0.0	6.0	0.0	0.0	0.0
4d5299d8f2acda1d5096ba877a239ec1	0.0	0.0	0.0	0.0	0.0	6.0	0.0	0.0	0.0
4bb0bde55272d8f591887c78574e302e	0.0	0.0	0.0	0.0	0.0	0.0	8.0	0.0	0.0
aba2d582fba98b53ab28af9951311de0	0.0	0.0	0.0	0.0	0.0	0.0	2.0	0.0	0.0
e6dff2b14ef1d6050fb4c217a4968204	0.0	0.0	0.0	0.0	0.0	0.0	3.0	0.0	0.0
b89592dc383d389b118f9fe790ff49d0	0.0	0.0	0.0	0.0	0.0	0.0	7.0	0.0	0.0
7e696698c2050cde7df602a9bac18b45	0.0	0.0	0.0	0.0	0.0	0.0	0.0	5.0	0.0
181393e82c6ccceae609cd52112ecdf1	0.0	0.0	0.0	0.0	0.0	0.0	0.0	5.0	0.0
b38f80298c13cec8b80ec60185cbb73c	0.0	0.0	0.0	0.0	0.0	0.0	0.0	0.0	8.0
a10ecb77f21acddeaef6395e8548e18b	0.0	0.0	0.0	0.0	0.0	0.0	0.0	0.0	5.0
ca5173035ccf0b62d6a9e568f4e38b76	0.0	0.0	0.0	0.0	0.0	0.0	0.0	0.0	6.0
6d9a9279b271e8d105c2ba8371cc36ac	0.0	0.0	0.0	0.0	0.0	0.0	0.0	0.0	6.0
2d56537543a4d9ee480d0015423e6358	0.0	0.0	0.0	0.0	0.0	0.0	0.0	0.0	4.0
4080e6f84c54c8116054ce7a01073634	0.0	0.0	0.0	0.0	0.0	0.0	0.0	0.0	8.0
cb1ea97610f3a0d58e98e318851b1e90	0.0	0.0	0.0	0.0	0.0	0.0	0.0	0.0	3.0
4f33ae4b7e475dfe8aaac0cd1bb153f9	8.0	0.0	0.0	0.0	0.0	0.0	0.0	0.0	0.0
ed741536e7d0be9f23e3389ec421b6bd	6.0	0.0	0.0	0.0	0.0	0.0	0.0	0.0	0.0
2a08bf934d7a0de346de44bf7ec1cad4	8.0	0.0	0.0	0.0	0.0	0.0	0.0	0.0	0.0
b56c8e40e8a6fa31772339a718ca5cf0	0.0	9.0	0.0	0.0	0.0	0.0	0.0	0.0	0.0
79bc7b5e9dae507d046424270774b05b	0.0	7.0	0.0	0.0	0.0	0.0	0.0	0.0	0.0
50dc384d0b1f1f61be31574e0faaa9ec	0.0	8.0	0.0	0.0	0.0	0.0	0.0	0.0	0.0
813359aa8ebea22f0abf969671cc46f8	0.0	0.0	7.0	0.0	0.0	0.0	0.0	0.0	0.0
f5e4f69892ed175747d0f3a9bdc3f681	0.0	0.0	7.0	0.0	0.0	0.0	0.0	0.0	0.0
8a6ded5e3f967d7c67d2a0864898a810	0.0	0.0	3.0	0.0	0.0	0.0	0.0	0.0	0.0
f8b2b394dd2678bd705b2c0fce091116	0.0	0.0	7.0	0.0	0.0	0.0	0.0	0.0	0.0
4e914f4211463786a3db5a9ad51f5d29	0.0	0.0	5.0	0.0	0.0	0.0	0.0	0.0	0.0
2286edb3d82cd932ee93315addb1a6ea	0.0	0.0	0.0	6.0	0.0	0.0	0.0	0.0	0.0
91c097027f25754ad332a7f637489c3c	0.0	0.0	0.0	5.0	0.0	0.0	0.0	0.0	0.0
f2f3430c264590affde56f71ba004060	0.0	0.0	0.0	0.0	3.0	0.0	0.0	0.0	0.0
331d6cc5a3bf8c6a5190f7cac91255ae	0.0	0.0	0.0	0.0	3.0	0.0	0.0	0.0	0.0
77e35cbc001ced7571ab7003a49c6a54	0.0	0.0	0.0	0.0	0.0	7.0	0.0	0.0	0.0
67a55ed40a63d2e6b2481c61c2f60e5d	0.0	0.0	0.0	0.0	0.0	1.0	0.0	0.0	0.0
1891655cb48f08a26765adca3f171b45	0.0	0.0	0.0	0.0	0.0	2.0	0.0	0.0	0.0
297a428968285caf3b51f4a483d64203	0.0	0.0	0.0	0.0	0.0	0.0	7.0	0.0	0.0
5fe751df2ffba0cf0c1e7886ec2a1e11	0.0	0.0	0.0	0.0	0.0	0.0	0.0	3.0	0.0
ef3ee8e05dddcd3c02bbe85276936d2f	0.0	0.0	0.0	0.0	0.0	0.0	0.0	7.0	0.0
481b1cfa11cbabb96c6a262db4646700	0.0	0.0	0.0	0.0	0.0	0.0	0.0	7.0	0.0
55dfb468b589995b1d4aab9c54b96709	0.0	0.0	0.0	0.0	0.0	0.0	0.0	0.0	6.0
ff1d2f2a49cc3978ef8eacb0dd6bae65	0.0	0.0	0.0	0.0	0.0	0.0	0.0	0.0	7.0
5c5a089deebe468e5990495dff7728b9	0.0	0.0	0.0	0.0	0.0	0.0	0.0	0.0	8.0
3603c23270e18b4d861608d5d61e65ae	0.0	0.0	0.0	0.0	0.0	0.0	0.0	0.0	6.0
d46f979538bfddc5f0facf62fe53c4c9	0.0	0.0	0.0	0.0	0.0	0.0	0.0	0.0	5.0
1ac4ceb1e3676569d3f677b66e499644	0.0	8.0	0.0	0.0	0.0	0.0	0.0	0.0	0.0
5515d4a4c311520619c58add6fa3a4dd	0.0	0.0	6.0	0.0	0.0	0.0	0.0	0.0	0.0
0fad8bd49ca9fd6fc48a11eb91869668	0.0	0.0	6.0	0.0	0.0	0.0	0.0	0.0	0.0
a7910ce5997eb83e4d3144a0927ad8aa	0.0	0.0	4.0	0.0	0.0	0.0	0.0	0.0	0.0
af84199b35737764872f20d4c343cfcb	0.0	0.0	1.0	0.0	0.0	0.0	0.0	0.0	0.0
5602f9ca5f9014fd3adadbd012639f23	0.0	0.0	0.0	3.0	0.0	0.0	0.0	0.0	0.0
788695e5bebd131758e5f51a9d87276b	0.0	0.0	0.0	2.0	0.0	0.0	0.0	0.0	0.0
4b226dc0585b7d9f9209447d7feca0f3	0.0	0.0	0.0	0.0	3.0	0.0	0.0	0.0	0.0
c6dc8b8a412f73380dcb8eb5c295a889	0.0	0.0	0.0	0.0	4.0	0.0	0.0	0.0	0.0
b52ce71c50e7763b784cd03032bc4236	0.0	0.0	0.0	0.0	4.0	0.0	0.0	0.0	0.0
eac3daa0c53a9ed482f19223827ea4b5	0.0	0.0	0.0	0.0	4.0	0.0	0.0	0.0	0.0
4509e7a258a1f7083307bdc1707456fa	0.0	0.0	0.0	0.0	0.0	4.0	0.0	0.0	0.0
2213923bcbe4390e51fe55a5c235cc25	0.0	0.0	0.0	0.0	0.0	3.0	0.0	0.0	0.0
6db4b2443f07c7c2a086b24c7c9d7643	0.0	0.0	0.0	0.0	0.0	4.0	0.0	0.0	0.0
3f9b0169a9dd4bdc4ea82d9c63445d18	0.0	0.0	0.0	0.0	0.0	4.0	0.0	0.0	0.0
a8429039b85478c8ec607ff0ad593612	0.0	0.0	0.0	0.0	0.0	0.0	0.0	3.0	0.0
b0e17f18ac74fc582532d926e1579921	0.0	0.0	0.0	0.0	0.0	0.0	0.0	5.0	0.0
88c0e5954b14b9b8138697c33537b77a	0.0	0.0	0.0	0.0	0.0	0.0	0.0	1.0	0.0
07c31ef8a8018c9b1e206e57fbb749cc	0.0	0.0	0.0	0.0	0.0	0.0	0.0	4.0	0.0
53714aa167015c315e56b4ec68620fb6	0.0	0.0	0.0	0.0	0.0	0.0	0.0	0.0	7.0
e1779ee43c407bf3ffa15b7564148ce0	0.0	0.0	0.0	0.0	0.0	0.0	0.0	0.0	8.0
3e5c2af58a9463dd399589cd79dcc08c	0.0	0.0	0.0	0.0	0.0	0.0	0.0	0.0	6.0
a1b98f292c9e4ffa31f418edcbb3bd6e	0.0	0.0	0.0	0.0	0.0	0.0	0.0	0.0	6.0
764597d6fcb27182f8d7dd144fd6a29e	0.0	0.0	0.0	0.0	0.0	0.0	0.0	0.0	7.0
0ba0c59daf4e3d4e04c78e429a055544	7.0	0.0	0.0	0.0	0.0	0.0	0.0	0.0	0.0
039e32e189d22324c9faeff78ade5764	5.0	0.0	0.0	0.0	0.0	0.0	0.0	0.0	0.0
528e50bc9126f2abf8dfe2d949ba5760	0.0	7.0	0.0	0.0	0.0	0.0	0.0	0.0	0.0
32f09f757ce37252af01ac16f616415f	0.0	7.0	0.0	0.0	0.0	0.0	0.0	0.0	0.0
8ab1c7afdb926c75be5c643d3e1068a3	0.0	7.0	0.0	0.0	0.0	0.0	0.0	0.0	0.0
768678d3a793e4244c073880f11e7102	0.0	0.0	2.0	0.0	0.0	0.0	0.0	0.0	0.0
50c69ca8499b648e190b3b39727aa52f	0.0	0.0	0.0	2.0	0.0	0.0	0.0	0.0	0.0
acf81f33ca220e4b01d0c2f76b6dfe28	0.0	0.0	0.0	3.0	0.0	0.0	0.0	0.0	0.0
82527829a52984a0b62f2d410801dc6f	0.0	0.0	0.0	0.0	5.0	0.0	0.0	0.0	0.0
e1b7655570e9764eb6a762fcc22a0ad5	0.0	0.0	0.0	0.0	3.0	0.0	0.0	0.0	0.0
4a3920c830b260c27d44b2daef685222	0.0	0.0	0.0	0.0	4.0	0.0	0.0	0.0	0.0
f6489d768f302e9bcce5fd603596cd35	0.0	0.0	0.0	0.0	4.0	0.0	0.0	0.0	0.0
a39739ffbb608c9de6efb1ae1ed77a64	0.0	0.0	0.0	0.0	5.0	0.0	0.0	0.0	0.0
231b54c68051d8e56711daa2d6c2f8ce	0.0	0.0	0.0	0.0	2.0	0.0	0.0	0.0	0.0
7b9a3ece0f6507ef5cfe2de761efa6be	0.0	0.0	0.0	0.0	4.0	0.0	0.0	0.0	0.0
3deb38196a2c7dfc31dcf1411fb4bc36	0.0	0.0	0.0	0.0	4.0	0.0	0.0	0.0	0.0
fbd55fed9b1b89894c9bab8f2e57bfcd	0.0	0.0	0.0	0.0	3.0	0.0	0.0	0.0	0.0
a4f2a55220439a17210301a4160785b6	0.0	0.0	0.0	0.0	0.0	5.0	0.0	0.0	0.0
eb0c65d818ec67c4ceed05dc478fc0ab	0.0	0.0	0.0	0.0	0.0	3.0	0.0	0.0	0.0
8351653a0aa46fdc63cdc9eb04e124fb	0.0	0.0	0.0	0.0	0.0	3.0	0.0	0.0	0.0
5fd4a20c5ce9e964a59d9bdd19672f94	0.0	0.0	0.0	0.0	0.0	0.0	5.0	0.0	0.0
3f0b5704475c060bf4e047e8eabe4f58	0.0	0.0	0.0	0.0	0.0	0.0	3.0	0.0	0.0
54c81e0a384363deab15b021ca3fbb5d	0.0	0.0	0.0	0.0	0.0	0.0	0.0	4.0	0.0
5a8442cf8bb82ef53d63e77669b162ae	0.0	0.0	0.0	0.0	0.0	0.0	0.0	0.0	6.0
881945a306ca3e2f3c29ddea6c668611	0.0	0.0	0.0	0.0	0.0	0.0	0.0	0.0	4.0
e37aef89f4fc4e79eb676105b1b7aa72	0.0	0.0	0.0	0.0	0.0	0.0	0.0	0.0	6.0
3b8d780ca0a1d8ec495de831e663b6be	0.0	0.0	0.0	0.0	0.0	0.0	0.0	0.0	6.0
05d67f4d2344ccad2a06ac0207cdafcd	0.0	6.0	0.0	0.0	0.0	0.0	0.0	0.0	0.0
28d9f8b2fbeca0656a39295cc9f40828	0.0	6.0	0.0	0.0	0.0	0.0	0.0	0.0	0.0
79bf938028a54acee17ee5ea184b74b1	0.0	0.0	4.0	0.0	0.0	0.0	0.0	0.0	0.0
5afd9b6e75ce6e5c8a17d6d41065b72d	0.0	0.0	3.0	0.0	0.0	0.0	0.0	0.0	0.0
daf8e25c280d82872ec448575fa821e8	0.0	0.0	0.0	2.0	0.0	0.0	0.0	0.0	0.0
7251bc83b074f9c240a78c2ce172e525	0.0	0.0	0.0	0.0	1.0	0.0	0.0	0.0	0.0
f5016b5fc07de75e045080bf9801500f	0.0	0.0	0.0	0.0	2.0	0.0	0.0	0.0	0.0
05bbbcd63429b9933f016a95b86fb738	0.0	0.0	0.0	0.0	0.0	3.0	0.0	0.0	0.0
fb749d3565fae2c4ebed7d52e26e2ba9	0.0	0.0	0.0	0.0	0.0	3.0	0.0	0.0	0.0
1c5ecf4be4b197d9b20dfa4d7f34fbf0	0.0	0.0	0.0	0.0	0.0	4.0	0.0	0.0	0.0
d060058a67e27ccdfae2e9f44a4d862f	0.0	0.0	0.0	0.0	0.0	0.0	5.0	0.0	0.0
94881b148446e63fd303748313d7d0a4	0.0	0.0	0.0	0.0	0.0	0.0	2.0	0.0	0.0
b8fcb989b91fa6f40dddaf28f71ec21e	0.0	0.0	0.0	0.0	0.0	0.0	4.0	0.0	0.0
94262bebec871c9eb03d529de446c2a7	0.0	0.0	0.0	0.0	0.0	0.0	0.0	3.0	0.0
ba83590acfb25207cf2365faf381979f	0.0	0.0	0.0	0.0	0.0	0.0	0.0	1.0	0.0
6214f3b04cfd9872b2d93862ad08282a	0.0	0.0	0.0	0.0	0.0	0.0	0.0	0.0	5.0
e47d4b00d2c7c17ef40b360015944e5a	0.0	0.0	0.0	0.0	0.0	0.0	0.0	0.0	5.0
7530c123c5cf198c8a2a4efb6c2c2fb9	0.0	0.0	0.0	0.0	0.0	0.0	0.0	0.0	4.0
aa5017cf74ef6ad03271a2577e38a377	0.0	0.0	0.0	0.0	0.0	0.0	0.0	0.0	4.0
34f2481e0622d0966e0e697a61fd2591	0.0	0.0	0.0	0.0	0.0	0.0	0.0	0.0	3.0
1b24cd9e478948a74bb0a42768527667	5.0	0.0	0.0	0.0	0.0	0.0	0.0	0.0	0.0
1206d1fe9bc6e55d01c2c4b5443489ae	5.0	0.0	0.0	0.0	0.0	0.0	0.0	0.0	0.0
5358d3454347c66fb9ac0faf837dd286	4.0	0.0	0.0	0.0	0.0	0.0	0.0	0.0	0.0
d8bc320f5448eea804810123bed7b129	3.0	0.0	0.0	0.0	0.0	0.0	0.0	0.0	0.0
7b8d2f3f0e0aca38e4d70b020a780baa	5.0	0.0	0.0	0.0	0.0	0.0	0.0	0.0	0.0
2f63f21828849f634a7185288ca1197f	4.0	0.0	0.0	0.0	0.0	0.0	0.0	0.0	1.0
9d668a34b1d311076671ba3d92e42562	0.0	4.0	0.0	0.0	0.0	0.0	0.0	0.0	0.0
e685adb287321d0621aa616e0d1fcf2e	0.0	5.0	0.0	0.0	0.0	0.0	0.0	0.0	0.0
fcb110ea6f41e72b60cf82161b2058ac	0.0	0.0	2.0	0.0	0.0	0.0	0.0	0.0	0.0
ba927051cbc7123156e714d3c8be173f	0.0	0.0	4.0	0.0	0.0	0.0	0.0	0.0	0.0
017be2fa1d6f6fcf2ccb48b39406c0f2	0.0	0.0	2.0	0.0	0.0	0.0	0.0	0.0	0.0
1ecfd1378a2dbe866292b809529d2ab2	0.0	0.0	4.0	0.0	0.0	0.0	0.0	0.0	0.0
6be31259f1f9e26071998751a0f5343c	0.0	0.0	0.0	1.0	0.0	0.0	0.0	0.0	0.0
5b257ccfbed35cb61005bdf9250d1d9a	0.0	0.0	0.0	0.0	4.0	0.0	0.0	0.0	0.0
b3b15824dc8de2d83a6f4fd24e7e4271	0.0	0.0	0.0	0.0	4.0	0.0	0.0	0.0	0.0
25401af381a28cbbc4268323beee3c4c	0.0	0.0	0.0	0.0	0.0	3.0	0.0	0.0	0.0
b97ca0af35ce91cb8e5e6c8b221da0e0	0.0	0.0	0.0	0.0	0.0	3.0	0.0	0.0	0.0
6a46532dae71af60eb7df83140fa46fb	0.0	0.0	0.0	0.0	0.0	5.0	0.0	0.0	0.0
970301d09d5faad1fd0f2dfe3b936489	0.0	0.0	0.0	0.0	0.0	3.0	0.0	0.0	0.0
cafb0e4ba6fb4635381d589d06b5eae0	0.0	0.0	0.0	0.0	0.0	3.0	0.0	0.0	0.0
3f05cc984143c0a1f958d10ccd773fbe	0.0	0.0	0.0	0.0	0.0	0.0	2.0	0.0	0.0
e405dcf7b4e30ad988bded3f9797fa6b	0.0	0.0	0.0	0.0	0.0	0.0	3.0	0.0	0.0
9f9edd080529a452c41df97770405a3d	0.0	0.0	0.0	0.0	0.0	0.0	0.0	0.0	3.0
a36ca7b027f776f571a804d5fce432fe	0.0	0.0	0.0	0.0	0.0	0.0	0.0	0.0	3.0
9ac397bb7181dfc7e61e6df96e04ad46	0.0	0.0	0.0	0.0	0.0	0.0	0.0	0.0	2.0
f41b3c18600340586258e5a4faf8f04a	0.0	0.0	0.0	0.0	0.0	0.0	0.0	0.0	3.0
f021d620fd489819f7877a9898743160	3.0	0.0	0.0	0.0	0.0	0.0	0.0	0.0	0.0
3cb62f5eff3e8002ff22a55f29b3d8f1	3.0	0.0	0.0	0.0	0.0	0.0	0.0	0.0	0.0
9d48816f77487005bc3c8b4c64c7b4ab	0.0	4.0	0.0	0.0	0.0	0.0	0.0	0.0	0.0
dc84b554d54b4f44e7b92090b908680e	0.0	0.0	4.0	0.0	0.0	0.0	0.0	0.0	0.0
00818133096b12b6ab8241af45c73339	0.0	0.0	2.0	0.0	0.0	0.0	0.0	0.0	0.0
193efe50853cfee419d16cb13740024a	0.0	0.0	0.0	3.0	0.0	0.0	0.0	0.0	0.0
bb5a294237d8795248bf5b2075deb9ac	0.0	0.0	0.0	1.0	0.0	0.0	0.0	0.0	0.0
7c3de19751e77c72125985dec50c7cfd	0.0	0.0	0.0	0.0	0.0	2.0	0.0	0.0	0.0
b2782f75eb94e93639ff9337ea2992a9	0.0	0.0	0.0	0.0	0.0	0.0	2.0	0.0	0.0
3938845a54e2b862d3f6dff46ae4977d	0.0	0.0	0.0	0.0	0.0	0.0	1.0	0.0	0.0
3c210bc471bd1e2761040dcae03276d6	0.0	0.0	0.0	0.0	0.0	0.0	0.0	2.0	0.0
90485a037719c78cc4d837f608af442f	0.0	0.0	0.0	0.0	0.0	0.0	0.0	0.0	2.0
b77df8322d2add5a3ba07fb20a16367d	0.0	0.0	0.0	0.0	0.0	0.0	0.0	0.0	2.0
9268ff3da3b9aa3eb1f5c89dc1f920a5	0.0	0.0	0.0	0.0	0.0	0.0	0.0	0.0	3.0
7786e5daaa4bea4b1146d6fd53ccb230	0.0	0.0	0.0	0.0	0.0	0.0	0.0	0.0	2.0
94cead1d1078387d1d508e99773c32e1	0.0	0.0	0.0	0.0	0.0	0.0	0.0	0.0	2.0
bf9f918485018c88fe29b2af30347281	0.0	0.0	0.0	0.0	0.0	0.0	0.0	0.0	4.0
e3cff1e15831575e1fa5409103ae0414	2.0	0.0	0.0	0.0	0.0	0.0	0.0	0.0	0.0
305ae7ced84260634b9b879e5cc6449c	1.0	0.0	0.0	0.0	0.0	0.0	0.0	0.0	0.0
1e1eca8869469d6e360f45b4e71ee19d	0.0	0.0	2.0	0.0	0.0	0.0	0.0	0.0	0.0
2981804fe02d8d19524a067b5500866d	0.0	0.0	1.0	0.0	0.0	0.0	0.0	0.0	0.0
a8c0398fc8103531531efaa3dd720fe6	0.0	0.0	0.0	1.0	0.0	0.0	0.0	0.0	0.0
35ff008ef6183ce1a053d62766e2f793	0.0	0.0	0.0	0.0	2.0	0.0	0.0	0.0	0.0
56f0feea3284c84db14fc13250fc06ff	0.0	0.0	0.0	0.0	0.0	0.0	0.0	0.0	3.0
ada31fa2776c37d13859ec64348e8b80	0.0	0.0	0.0	0.0	0.0	0.0	0.0	0.0	2.0
5766af77ed60c556d8ff356a3f20a5ac	0.0	0.0	0.0	0.0	0.0	0.0	0.0	0.0	1.0
1f448a21d8c27adc19cba276beb7fad8	2.0	0.0	0.0	0.0	0.0	0.0	0.0	0.0	0.0
33caf153d04881d594666005e374f89e	0.0	2.0	0.0	0.0	0.0	0.0	0.0	0.0	0.0
75e46799a1e6f09e495587a03d9037e4	0.0	1.0	0.0	0.0	0.0	0.0	0.0	0.0	0.0
92c66de979ab8461ae436f2f3488631e	0.0	2.0	0.0	0.0	0.0	0.0	0.0	0.0	0.0
b629204c07014ff34fa3fd787ebf2a9e	0.0	2.0	0.0	0.0	0.0	0.0	0.0	0.0	0.0
069621b26cabc55abb1b55e5c04a112f	0.0	2.0	0.0	0.0	0.0	0.0	0.0	0.0	0.0
6fc5b8c9768e2a1fac66c48b88a6a8e9	0.0	0.0	2.0	0.0	0.0	0.0	0.0	0.0	0.0
c16037b078074e0be995a8194ced55d7	0.0	0.0	0.0	0.0	2.0	0.0	0.0	0.0	0.0
a2cc88a1c064dcfc7ea8142d54abf761	0.0	0.0	0.0	0.0	0.0	0.0	1.0	0.0	0.0
0ae5294518195444035a5c3349b7caaf	0.0	0.0	1.0	0.0	0.0	0.0	0.0	0.0	0.0
0527bb0bd602a1e697746e2066634dab	0.0	0.0	1.0	0.0	0.0	0.0	0.0	0.0	0.0
f820a6730d03e9db45e1d6ce02c04a91	0.0	0.0	0.0	0.0	0.0	0.0	1.0	0.0	0.0
47dcb6639dab5c1852c1404db6f41f17	0.0	0.0	0.0	0.0	0.0	0.0	0.0	0.0	1.0